161300 20
305600 16
109500 24
119800 24
389500 25
280800 25
397800 18
486300 16
387100 19
401100 11
101500 13
73900 24
381300 25
109500 18
408200 16
310200 12
427700 13
324400 16
349500 19
171800 10
33500 22
291600 12
342800 7
375900 8
113800 19
27900 10
293300 12
40300 21
335800 8
407500 9
257600 9
488100 13
475500 19
86900 21
294900 12
209800 6
67800 18
101300 17
359000 15
147100 8
155900 25
412300 8
255400 19
302000 10
79300 21
92600 24
393200 22
108300 23
65300 16
67700 18
199900 20
374200 21
460500 9
404500 10
467000 24
111700 11
93700 23
204900 17
72900 15
85400 6
241600 15
248200 12
469600 6
216600 25
272300 20
252600 18
461100 20
282800 14
130400 9
491900 11
162000 6
115000 10
35700 15
256100 10
154900 8
499900 22
35100 14
144100 10
55700 15
450500 15
399300 7
480800 6
382300 21
104100 25
363000 11
118100 19
326900 8
436400 6
239400 23
475300 24
10900 16
266900 10
291200 25
495500 6
272800 21
267900 14
214100 22
473300 19
456900 25
419300 24
