475600 20
243900 18
292200 14
425300 9
33900 13
158200 21
494700 9
352000 17
93000 9
334800 23
5200 11
395900 15
269100 19
427400 12
349600 22
268600 24
295700 15
291100 25
172000 15
386200 10
274300 11
304800 17
120400 13
270900 16
170000 16
398100 19
322900 6
401100 20
221200 18
319800 18
311600 23
139800 6
282900 16
273200 15
141200 6
328300 22
159300 25
17000 25
433100 16
422800 11
101600 22
412200 11
364200 10
196800 10
497900 11
8100 21
455600 8
427300 14
36100 25
239700 20
406500 14
455800 18
176200 24
292200 23
36600 23
329400 24
362400 15
280600 10
293300 16
106500 25
442100 18
372800 10
202400 15
63100 15
203000 19
32400 24
498800 14
446900 14
298700 20
435400 17
80400 16
85000 7
461500 12
75500 21
202900 19
458200 9
174100 8
26500 13
91500 21
19100 18
247300 8
320000 13
229700 23
97100 24
379500 12
392100 14
369200 9
325200 17
231300 23
157600 16
30900 6
172500 13
195300 15
76800 19
226000 23
428300 11
293500 24
157300 7
160000 6
432500 16
82300 13
432500 20
250600 23
1600 6
88000 24
452000 8
429900 8
260600 23
396000 22
43200 14
402800 7
15000 20
442500 23
327900 24
219700 12
410400 8
481100 25
299900 6
405900 11
393000 22
315800 6
43200 16
76200 20
276000 14
326800 14
261100 20
376800 12
393200 18
378400 7
324400 12
111300 6
191700 6
191800 14
218200 13
332500 8
306100 21
54400 15
366000 25
480000 20
242600 19
466400 6
483500 23
304800 22
128500 17
228400 10
302800 19
326700 20
334500 22
204300 8
219200 13
442900 15
208900 25
441200 8
413800 25
215700 10
189700 21
64000 12
411700 14
338900 21
19100 18
299300 10
171400 14
188200 22
345300 21
480800 10
83200 14
51900 20
333300 12
19400 12
286400 23
81400 14
280100 13
117000 15
84200 11
152300 13
245900 24
418700 22
151200 9
12900 21
102300 23
332200 12
397500 12
293700 25
194500 8
211200 14
403600 10
205200 8
270200 20
159300 20
218600 10
276000 9
367400 16
269600 21
5700 12
24900 21
125900 25
107300 7
440400 23
489800 24
224600 15
66400 21
441200 23
2200 14
62100 19
286200 6
294300 23
176500 13
351200 18
179000 23
68600 13
83200 11
64400 8
346800 15
250600 6
333200 22
45200 18
196600 24
431100 8
356000 17
292100 12
490400 11
248100 22
294800 6
234300 13
422200 14
15900 6
18100 16
479700 6
12200 19
321100 11
466000 13
9200 6
420300 11
93600 16
295500 13
305800 15
447900 19
317500 25
191000 25
480500 13
49300 15
104300 25
276400 24
447000 9
72000 16
44100 9
185000 25
121800 13
489500 10
383600 15
425200 24
413500 15
116300 13
192400 21
239000 11
431200 8
235800 8
44300 6
19000 18
60800 8
97600 24
111600 23
69200 19
79800 24
10600 20
251800 9
164700 10
201500 8
77600 9
229100 23
367900 9
361700 10
389600 13
84400 14
300700 25
449700 6
200400 20
201700 20
422500 13
324000 6
155500 17
408700 17
470600 22
260900 14
344300 6
183300 6
177600 10
24300 12
199200 18
314700 18
107400 10
163100 16
467900 20
299000 6
76200 18
397800 19
420800 25
336800 8
55400 6
375300 14
51800 15
232900 11
371700 13
176600 10
487800 20
25600 21
240300 8
415400 19
151000 14
148800 6
460300 11
362000 24
387900 21
282700 13
453900 21
290200 20
458900 11
414600 24
120900 23
442700 15
309200 11
209200 24
127900 10
220900 18
449200 9
301500 15
353900 24
7900 8
49900 15
452800 8
380300 22
445400 15
317100 23
306500 21
387700 19
66600 14
314000 10
246100 24
300400 10
359600 8
274800 19
269900 23
295400 12
33100 19
239700 23
370900 20
188300 19
90300 15
388100 17
174100 10
462200 18
259200 6
304500 14
73800 18
206500 22
152500 23
281500 23
495300 21
167900 10
33300 8
308600 17
148200 16
497200 15
97700 12
34900 13
87000 7
210100 23
127800 14
160900 25
206400 23
456400 14
103500 15
428200 25
149800 14
169900 19
118000 17
102900 12
251200 14
302300 13
450200 11
441100 6
334600 9
359000 18
489800 12
193900 12
279400 20
463600 25
496200 22
306800 11
477700 7
83800 10
466700 24
230000 19
298600 15
55300 8
311900 17
41100 19
439500 16
445400 12
418000 7
297200 9
41800 22
452400 16
363500 9
230800 25
345000 9
28600 20
38500 25
160700 10
377300 9
480100 7
9500 22
65900 10
428300 15
7400 12
481500 19
150800 18
122900 15
446300 13
155800 20
160800 16
240000 15
101400 14
288400 20
400800 19
166900 23
114800 11
105900 7
252600 22
188600 10
43300 14
268900 25
127700 20
184200 11
146000 7
184100 18
95200 23
27100 22
432400 8
169600 7
130100 9
444100 12
430800 14
46400 23
236000 21
306700 10
129300 8
446500 9
446700 23
146200 10
900 13
255000 19
205700 12
487400 17
231700 8
334700 13
100400 22
33700 19
198600 16
7800 22
474500 13
122700 25
305300 11
412900 22
490200 11
57100 21
99800 23
57800 15
198300 8
490400 11
246500 22
165400 17
417700 9
201500 7
20100 24
488800 22
396800 8
402700 19
425500 19
264000 20
173300 20
104400 10
484700 20
491800 25
382200 21
234800 7
275900 17
422900 12
40000 25
288400 18
280100 24
12000 21
256500 16
303900 7
108700 23
411500 11
492500 24
449400 8
352900 14
179800 21
305700 19
215100 23
257000 9
235700 17
43600 20
196100 14
111200 18
315100 20
261900 19
413000 13
440600 7
393400 22
219900 21
264100 23
298900 19
443500 14
472700 22
241400 10
254700 13
321400 14
124100 14
337400 14
107500 8
299800 17
25400 22
120800 19
225100 22
407400 25
454100 14
145000 13
294100 8
220700 24
251500 12
219200 11
194900 25
326600 18
466900 15
292800 6
93000 6
261300 17
138500 23
451900 10
58100 23
435500 22
9300 16
76400 8
343200 15
390900 16
76700 13
158400 6
27300 17
413500 7
344400 10
254800 25
385500 17
419300 16
348300 17
384500 8
110000 20
255100 24
296300 11
392700 12
344400 14
435700 20
74000 11
355400 17
192700 10
285000 25
453100 22
133500 8
276100 12
246700 7
372100 23
321000 11
301700 15
337000 23
468900 23
223700 25
125100 14
246400 17
182800 16
139900 25
63000 25
380700 10
363100 17
405000 20
59900 6
255200 15
327500 14
465800 24
187400 21
483300 17
33900 25
173500 23
190200 19
325300 17
229200 18
415500 15
142600 18
90300 13
103400 22
333400 22
362000 21
35400 22
103700 22
475600 21
435300 13
422400 13
13900 7
13200 22
25000 25
445900 18
208600 20
9200 6
212300 16
136500 7
70800 6
326900 9
490100 22
463900 9
324400 8
27700 6
272200 8
2600 8
286400 15
64700 24
180100 12
50200 23
27200 24
358600 23
365700 9
397900 24
431900 24
466200 21
274000 17
120100 24
195300 13
202900 17
139700 14
459700 13
453400 16
205000 17
54800 14
245400 22
116600 10
257700 23
242100 13
127800 22
327800 10
4500 16
134900 18
142100 11
45600 21
307000 21
291400 21
397700 9
379200 16
430300 7
130900 7
279800 6
152800 15
259100 22
61000 24
251400 21
203800 24
333400 13
204700 21
344400 25
496700 18
276400 8
479600 21
24000 20
76000 19
482200 10
18800 16
455200 24
93300 11
44400 22
44900 22
334900 19
355400 23
129600 10
40000 15
170300 11
492800 24
156700 23
129500 20
112400 16
133800 9
263800 8
491000 20
339300 21
449200 21
37800 14
60200 13
403500 19
302500 8
312000 20
180100 20
418700 23
452900 24
22600 8
498800 11
370100 22
154500 6
463300 6
66500 18
324700 25
120800 21
496600 21
409000 19
44400 13
218100 6
421200 12
253400 24
44000 13
262100 25
283600 6
338100 10
373000 9
419900 9
125300 12
358400 9
17400 25
353800 19
107400 17
154200 22
472000 6
472500 15
225000 15
255600 24
402400 21
366800 10
26800 25
94200 15
481600 14
431500 17
277000 16
297300 23
362300 16
39200 13
487800 16
65300 23
179700 20
195900 18
16600 24
44600 10
426600 11
153700 21
269200 13
191600 25
245100 23
442900 20
428000 8
144000 6
158500 14
421200 13
387600 16
290700 18
144500 20
241800 20
474700 18
348000 21
72200 18
400400 12
197500 6
445500 12
313300 25
445200 8
273900 8
387500 19
408300 7
465100 7
98200 15
370900 14
404600 13
395600 21
371900 16
59100 8
459500 24
162300 16
397900 21
332700 12
291200 9
495900 6
124100 22
366900 6
261700 11
298500 9
239200 9
66800 19
317900 24
434300 10
254200 6
367200 25
166600 19
497800 24
235900 10
412200 8
21400 6
396600 16
53500 18
313900 24
315400 10
424200 9
358900 7
298100 12
238500 21
700 6
337000 9
351400 12
316100 16
442000 19
164300 19
339300 25
406100 17
219400 10
480700 13
122200 24
361100 19
30500 14
354000 8
106100 9
196600 13
217000 11
92800 23
408900 20
112600 15
294400 13
288300 19
258900 23
402900 19
220400 7
448900 22
271000 9
164000 15
493100 16
380600 17
284000 12
344800 7
471200 6
191100 25
250100 14
246600 18
407700 25
276100 21
397600 13
16900 20
342100 20
146200 19
451100 20
458400 7
280000 11
421600 11
471700 16
384000 20
499800 25
465800 14
166000 12
212500 18
134800 10
421600 23
380700 11
229100 19
484500 14
328700 18
382600 20
212700 7
75100 11
31200 23
154000 10
479100 22
216800 14
125200 12
316200 25
358000 17
385700 8
97800 7
139800 11
124900 13
301700 22
430800 23
194000 9
250900 14
282300 16
407800 18
150900 6
12400 19
379200 9
269800 10
442800 11
405700 25
239300 13
388100 7
52000 9
444700 10
45800 7
189900 22
165900 24
26100 19
305300 17
385900 6
76800 20
105400 14
493900 10
388800 13
222000 21
400700 24
28100 7
75600 13
69300 21
55800 22
492500 17
237400 20
491700 20
145900 17
92200 11
253100 19
47700 6
234300 22
260800 12
301000 7
277300 18
415300 25
468700 16
178000 17
245400 24
384000 12
391600 17
209600 10
462800 20
488000 20
265700 23
441900 9
173900 8
269700 16
170000 20
466000 25
228000 9
178200 7
395800 6
427100 18
374600 23
103400 21
