41700 8
223000 20
30500 8
94500 13
96600 9
259900 13
339600 24
25600 19
70000 9
160700 15
291300 24
472900 7
252800 23
412600 12
313300 18
248000 21
267300 10
19900 24
283000 24
232800 17
233300 25
398100 16
360800 18
222000 14
113600 20
110000 19
485300 12
67000 12
349100 18
338700 8
64300 11
126800 22
206400 24
399900 12
207100 20
76600 10
398500 8
371600 7
57300 20
174600 22
250100 11
90400 25
122100 24
413600 15
340200 24
233200 7
101300 18
38300 15
273700 20
390300 15
411200 19
414000 7
73800 11
435700 6
135600 12
182100 16
364100 14
300800 20
322200 25
101700 6
380200 24
301000 24
198500 14
97600 10
490900 14
292900 20
288000 14
157400 20
146100 16
98300 21
381400 6
34500 9
377500 6
178600 23
78600 18
359400 18
229000 7
108300 22
254800 21
329100 10
260200 7
474200 21
91000 16
56600 13
286800 6
43100 19
437000 7
93800 15
76500 19
221600 7
497700 18
46000 12
32100 18
430000 17
372200 14
289900 7
435200 25
299200 13
161400 11
466600 17
18900 17
183600 20
359500 11
163300 25
13500 22
423900 21
289700 10
213200 13
274000 6
68000 21
457100 17
436200 23
24700 6
317200 18
49200 11
494700 11
149900 7
165500 15
76400 14
46600 19
450400 9
450300 13
140100 15
1700 16
164700 11
365800 20
430300 8
4600 12
166300 17
251800 16
373100 15
129400 6
10800 15
214200 12
277700 21
89900 9
166200 17
466800 6
93200 21
228500 16
429200 17
413300 21
395400 25
97500 20
337500 8
52700 24
213700 21
455000 18
146000 18
152500 23
212000 23
26600 15
134500 9
407700 10
16400 23
384600 13
163200 16
254500 24
195300 7
113700 10
286800 7
450900 24
278300 18
282000 8
465200 15
496900 9
417900 9
455200 6
292100 13
26000 11
439500 8
1000 22
123500 11
178900 10
454000 12
51600 13
82700 21
322500 14
299900 17
268100 23
153700 21
65600 10
256900 12
210900 19
477900 10
53400 10
13500 11
196400 16
224800 17
44900 20
461400 19
406700 13
193000 17
229200 10
361700 17
361500 21
306600 12
488000 19
302600 20
163200 17
68700 25
246200 10
245200 9
79400 15
384100 25
269800 24
112200 20
485000 20
245500 6
281700 15
57100 17
390700 9
364300 16
467600 23
346300 14
241600 6
490600 7
10900 10
89500 10
179700 7
328300 19
434300 25
171900 15
227900 15
205300 7
232700 25
8400 7
51900 16
179400 14
309900 23
471300 21
92700 10
135200 22
102900 23
304000 24
113600 10
99700 9
159400 10
411200 15
499600 21
153900 16
490200 25
343400 17
25300 10
418500 19
128000 14
399700 17
4100 10
291600 22
59400 24
376300 7
68000 6
405900 7
383800 21
10500 21
182800 10
329000 22
255200 6
428100 21
335300 8
4800 21
71300 19
369700 19
422800 7
317100 8
441300 23
499400 15
250600 17
232100 20
357600 25
472300 12
414500 24
350400 8
349400 25
385000 14
98500 20
900 11
434200 20
24200 14
321000 11
211000 21
416600 6
278500 20
287400 22
489900 8
245700 6
294800 22
226300 21
18700 8
170800 23
188300 13
108600 22
233300 11
170200 23
481700 22
43800 6
122200 10
154600 13
168400 14
407400 11
294500 17
122400 18
371200 20
241100 7
241100 13
127700 6
497600 10
60500 25
239200 16
444300 16
29400 24
195800 16
344700 23
239100 21
364200 23
308500 6
11300 12
463800 15
366700 17
169100 14
394500 7
414100 8
483400 15
159400 14
385000 18
377800 17
393500 25
161100 18
383600 25
178800 14
343500 23
253500 7
498200 20
375700 25
299600 25
400200 24
271000 14
241100 13
290300 9
154900 7
220700 24
317400 15
492600 19
259900 18
334700 24
147800 8
469900 7
83800 8
304400 8
447000 13
71800 15
466400 15
386800 18
388500 6
469400 20
247600 19
187800 18
112400 23
93500 19
414000 14
420200 6
488900 13
217700 7
246600 10
13000 6
314600 14
206100 20
308000 21
39600 21
297600 12
251300 17
35500 8
378600 23
448500 19
283000 12
255500 10
494600 21
450400 19
319600 12
161800 9
18100 19
52600 9
289900 12
302600 19
161800 19
120600 10
115900 9
198600 18
195000 17
248900 25
388100 23
86400 17
337600 6
230600 21
149500 11
13700 12
245700 20
112700 10
485800 6
201600 11
52000 15
241200 19
438200 12
274600 15
474800 22
125000 8
120500 14
352800 6
263600 13
277700 10
447600 6
459300 21
298800 22
170200 7
452700 19
33900 14
187500 23
459700 13
80000 6
488800 16
88300 18
354800 7
391400 9
25500 14
45500 23
22900 8
382800 7
245600 8
92600 6
218300 12
319600 12
349800 10
198600 13
412000 18
391000 11
499100 9
459200 8
474300 15
88100 24
63500 7
410900 15
205500 9
6300 25
232900 20
462500 13
452400 25
130800 7
167100 20
87800 11
322700 21
321100 17
417700 25
34700 18
265900 17
480600 19
60700 17
357500 24
432200 12
54300 21
195100 8
353700 9
410200 16
20800 11
218400 21
302000 23
375800 16
302000 16
390000 18
19300 8
201600 12
245300 14
152700 20
153000 15
24200 15
188200 21
337300 24
289500 15
89300 10
498800 6
352800 24
300100 17
384800 11
489000 8
108600 8
486900 8
316500 8
158200 8
458600 22
296800 12
199800 22
408200 19
413400 23
106100 15
29800 24
266800 21
355500 17
7600 7
213800 14
300800 25
221000 11
101000 10
328000 17
91600 11
39500 7
105400 13
62000 9
132300 11
93000 19
243000 11
94200 21
139000 11
233400 10
376600 22
428400 6
46600 7
243300 20
53600 12
257200 6
282800 19
343000 13
203600 24
103600 8
114900 22
43500 21
166500 7
240500 24
498200 14
409300 13
218400 8
323600 23
447500 10
376900 21
420700 20
16000 21
312800 7
45800 25
479500 15
469200 19
286700 24
232200 7
267600 7
286100 7
70600 11
293300 8
162100 20
280900 17
478200 23
430100 12
79000 25
379800 6
276300 23
469600 24
100800 7
495500 17
18700 11
296600 20
293200 9
345500 8
492200 6
232100 11
171400 10
171600 21
75200 13
132000 14
382400 16
479600 25
212300 11
52300 11
311700 9
50000 19
328000 20
29600 19
186200 13
232800 14
447200 6
410400 12
339600 10
362900 16
312500 9
350100 17
357100 10
130800 16
261300 25
386800 13
185600 24
99300 10
321200 6
342500 25
296200 18
32800 11
395400 6
152200 17
2800 11
42100 16
416800 18
47500 22
57700 10
472300 18
205800 8
176900 6
58100 6
219800 16
347400 17
136500 13
360200 12
312200 17
409000 17
134400 17
28200 16
351900 25
255700 23
226300 17
491900 20
241700 9
370100 21
338400 11
310500 25
454900 11
121600 12
381500 22
445800 8
345300 13
297700 10
36800 17
315900 25
121200 21
132900 18
264700 16
246800 13
398300 23
357200 25
221100 15
249700 9
457800 17
191600 25
444300 11
300000 19
425300 23
214300 17
498800 6
275500 14
21000 10
66800 22
392500 24
299400 8
447000 11
473500 12
189500 10
229700 6
190500 12
468300 11
385200 9
253700 23
407600 20
302500 15
422500 17
8500 14
217300 12
290400 15
355200 22
222200 23
413800 22
110100 24
141900 21
290500 24
158500 8
71700 10
174300 6
340400 8
243000 25
374400 14
152400 7
399800 18
394800 25
113700 14
148500 6
418700 11
300600 9
444600 8
286900 22
106800 25
438100 19
114600 16
170600 14
308400 12
138800 14
268900 23
421200 22
51600 7
134100 11
409600 21
393500 23
474500 6
37000 6
124700 23
390500 6
490800 15
151400 19
195300 24
433700 16
254500 21
322600 8
23400 19
135000 15
233300 16
173100 19
36700 11
132400 18
484900 10
120500 20
173400 11
399300 12
17000 13
227700 11
349900 11
48700 13
293400 15
286100 23
23800 12
473500 16
127800 17
155400 12
499900 9
266800 24
325000 11
363700 21
5600 20
318600 20
70500 6
57100 13
180200 17
11600 24
87700 18
442200 16
177800 11
82400 20
106400 24
289200 24
464300 14
91400 7
20000 7
426900 12
282300 7
53400 23
40300 6
480800 14
48800 8
231200 19
306700 18
492700 19
25100 19
499100 12
345100 25
321400 12
281300 18
298400 10
374100 17
35900 15
178600 13
273700 9
160400 24
69100 21
438200 24
416300 15
186000 22
445800 7
487700 10
222400 15
102300 8
174800 15
3200 16
199800 20
377000 23
189000 11
468900 19
58000 8
135600 16
25600 7
51900 6
372400 19
151400 7
459500 12
184600 16
383000 6
200800 19
233000 18
31200 16
404700 21
297200 17
209100 6
469100 19
313600 17
150800 9
124800 22
464200 21
389300 25
460500 15
363300 19
328900 14
350900 14
367100 9
492900 16
359800 23
124700 9
351900 10
40800 7
181900 14
47200 18
442000 19
115100 18
30800 15
380300 6
347300 10
484200 12
107300 25
265000 23
424200 24
349400 6
383100 18
12500 21
384900 7
15200 9
171600 21
213200 7
28200 6
403900 13
189600 9
28300 16
94200 18
202800 23
496200 21
194600 21
302300 7
140900 22
29800 18
134000 17
427500 17
400600 17
373200 20
51900 23
364000 22
257000 13
223100 8
70500 20
272000 15
20000 19
399200 6
299900 17
169000 18
361800 12
392700 11
96600 18
232800 15
194000 15
436200 12
194700 16
206400 22
202700 25
453800 12
474000 10
294300 14
411500 19
125200 18
391100 10
236500 17
409700 24
700 24
236600 19
329400 9
493800 25
292000 12
313800 7
381300 15
282000 21
418300 24
250100 20
180600 9
451300 14
188100 7
303100 24
71000 6
168500 21
235500 19
76200 19
489500 11
10700 23
450200 6
226400 6
122200 11
41100 23
27100 20
94100 7
159800 22
457200 24
337500 14
258100 16
11600 12
217700 23
204200 14
352900 18
140900 11
87900 7
495000 8
367900 21
52800 22
207100 16
151600 19
251700 9
10100 14
353000 13
466200 24
228300 7
215900 23
490000 23
307000 23
462500 14
128000 18
296800 12
263300 25
124100 22
407900 6
496700 15
65500 23
287500 21
5000 11
281900 18
7700 13
396400 20
160300 12
484300 12
78700 12
213900 9
436300 7
263900 17
475000 23
156400 25
454000 10
159200 11
360700 19
28000 8
372400 20
132500 6
16600 14
154200 17
191100 11
241800 18
142800 12
84500 13
350200 16
139500 25
42200 10
162600 15
164700 25
199600 23
267900 8
312600 15
700 13
59000 12
245200 20
427800 15
205000 18
126100 12
398400 23
492800 6
426700 14
202800 13
441500 15
388900 21
170800 13
10000 24
50400 8
80500 14
87000 24
362500 17
284800 7
478000 18
360600 14
267500 14
384000 20
16700 6
15600 20
463800 22
406500 9
111600 10
57400 7
129200 11
485000 22
331500 19
324100 12
343100 18
129700 18
297200 18
177000 12
169300 7
267400 14
67900 14
309000 18
219400 15
400800 18
438800 23
98800 19
415800 19
479100 16
14300 7
444900 16
264300 18
322600 17
484700 25
450100 23
130300 19
146800 7
22300 22
312000 11
158100 11
398000 18
428400 9
460300 11
140000 17
152900 21
285900 11
198100 14
183300 24
357100 20
46300 13
126400 6
104300 13
67200 23
477100 8
130200 10
477900 7
360200 17
496400 16
48000 18
69500 6
431400 25
462900 11
20200 6
350300 20
157500 15
181000 23
413400 13
291500 17
95000 9
338700 12
446600 22
236500 19
227500 19
178100 25
399300 11
193600 21
446500 25
302300 7
329800 24
97500 12
305400 25
424600 24
138200 7
98800 18
405300 25
30300 14
111600 8
280800 7
105900 6
50600 20
124700 25
408500 19
116200 20
202500 16
327000 24
399200 9
442000 8
281000 17
151600 14
327900 12
220100 19
426200 8
60800 9
449900 7
341500 20
194200 13
406000 19
213800 12
297800 13
287400 6
103400 17
238000 13
458500 19
115100 8
446900 25
76300 13
294800 20
488200 16
235300 21
85300 23
474000 23
134100 9
344600 21
229500 18
466200 25
41800 8
35700 15
219200 9
31700 9
361700 13
446200 25
271600 25
247100 17
481900 13
382300 20
39300 23
256500 19
448100 21
31300 15
316300 25
236600 9
217700 20
77100 24
240700 6
198900 25
477400 10
89400 24
381500 24
205200 8
383300 9
220000 20
105500 8
278800 9
448100 22
480000 22
112200 21
235900 21
48600 23
367700 12
14700 22
158800 16
213700 12
497600 20
390100 18
237500 15
147400 11
135500 12
419300 15
76300 10
132500 20
347400 25
105200 15
278100 18
254600 14
160500 11
222600 10
21100 14
76600 18
354100 14
18700 21
232500 17
481000 8
477100 25
226500 18
64900 6
68800 14
259700 20
462000 25
282100 20
262900 16
70600 12
476000 12
374700 8
209300 13
397500 24
271400 9
28200 23
447700 19
496700 18
220100 6
73900 16
99700 23
414700 9
249400 12
424700 22
235900 18
293700 14
411900 21
311700 15
163600 25
75300 10
325000 16
329800 21
150500 17
251200 6
407800 24
298000 21
409200 15
50700 25
312200 25
77200 20
424700 20
89000 13
484700 25
430500 10
113200 8
189500 22
353400 10
196500 19
201900 24
362600 24
449400 11
414300 17
496000 13
154100 19
22300 22
186900 11
171900 14
406200 24
471900 13
496200 16
323900 11
380200 23
245800 6
328800 14
63200 10
1100 22
273400 8
492300 13
247200 13
376800 20
387700 22
94000 23
451200 19
211600 6
333800 25
218400 13
161200 19
407500 22
52900 21
348800 18
399500 9
283300 20
118300 25
220100 24
258900 20
450700 22
349300 12
258600 7
34000 11
343900 9
226200 22
131000 10
11600 8
304300 10
141800 19
455100 17
82000 14
78700 25
159200 18
471000 16
142100 17
44200 21
363300 14
392700 23
94400 12
441600 18
406600 16
228700 7
390400 12
79800 8
171000 16
371000 19
231800 15
408400 15
202800 25
332200 14
17300 10
205900 6
167600 18
498900 23
449400 14
495900 8
417300 23
464300 12
438000 11
157000 18
478800 22
13700 9
293100 21
190300 10
375400 14
263700 13
491400 13
46800 17
12000 15
237300 25
123600 7
340300 23
219500 24
64500 19
350800 21
491200 18
183300 23
337800 23
5100 22
1500 17
307300 13
194600 23
127000 9
52900 24
413300 18
105600 25
240900 18
433000 13
100900 21
249700 8
342100 7
150300 14
87000 25
204700 10
105200 11
468100 20
22200 6
239600 13
316100 17
273200 13
49800 12
206600 17
310900 12
174700 21
429100 20
152900 8
181000 22
428000 21
256400 20
247900 19
445000 6
55600 24
31500 14
105500 24
210700 16
108900 7
441500 20
381700 20
84400 7
446100 11
150900 21
339200 8
325700 13
46700 14
452200 9
119100 14
76100 8
14300 13
246200 10
116100 22
318600 25
194400 16
7400 13
145300 22
475200 11
18500 8
251000 11
373800 9
488700 17
176900 19
87000 12
292300 22
109200 16
438600 18
211200 9
118600 15
193300 10
373100 11
225000 17
82100 23
298700 25
129000 25
353900 25
300600 7
107200 9
261000 20
495700 9
464700 23
231100 18
346200 11
339700 11
392200 11
411500 9
378300 22
93800 7
403500 15
239900 12
22200 19
474600 10
490700 6
35400 14
277900 11
278900 12
394900 25
422500 25
123000 16
195700 6
428300 22
138200 10
123500 22
45000 18
414800 24
91500 21
131800 9
283800 22
358400 7
90700 16
64400 20
192100 9
265500 11
290900 19
342800 13
316100 7
213700 12
365900 13
5500 25
433800 21
290700 19
338100 15
4200 6
250600 8
433900 14
171000 20
201700 11
129100 12
478300 21
350900 23
334000 11
431400 6
143800 21
187700 24
25100 18
175900 11
147100 24
123900 7
66100 18
107300 8
439500 24
316900 17
17700 7
474200 7
414700 13
48600 19
463500 10
257900 21
463200 20
344200 8
56700 13
53000 20
98200 6
236800 12
390600 10
54900 6
219800 20
54000 21
491400 8
402300 24
366300 20
107600 10
334400 6
463100 25
129700 12
54700 22
391600 16
12900 11
93800 19
259500 8
310600 24
170500 20
47900 25
321900 19
401100 23
371100 6
123100 16
146100 24
47600 8
88900 20
89300 17
86900 19
165000 7
452400 18
144000 22
372200 19
240600 9
208000 9
469200 10
12600 19
436300 8
237900 8
123800 15
55800 12
206000 7
204800 21
25800 20
436700 17
315200 15
257400 22
83700 21
387900 9
446800 16
469600 10
324600 10
491600 24
35900 19
356100 11
213100 12
4000 9
16800 19
241400 21
152700 10
371800 22
124500 15
314300 25
39000 6
420200 22
15700 8
287600 20
472900 10
145100 11
449800 20
132700 6
242400 17
17700 9
487600 12
483900 24
419700 9
433000 9
191200 8
211700 13
308700 15
360500 14
82900 9
140500 16
480200 11
484800 11
37000 25
466400 11
94400 17
5400 12
449500 15
143100 19
48600 9
450700 19
2900 17
440800 12
82700 9
444700 20
159200 6
459600 8
39900 18
124300 14
249000 11
433300 13
204500 15
2600 9
430500 25
190300 21
284700 20
266200 14
104500 15
249700 9
126900 15
104300 23
309600 8
75300 23
446500 16
192700 20
190600 10
358000 18
17100 12
292300 20
375200 17
