333100 15
462800 21
212900 23
354000 7
279200 21
137700 18
93300 25
34500 10
280100 16
438200 21
431500 25
401900 13
362700 14
371600 23
247300 14
34400 24
116500 9
298500 13
486500 24
11500 18
230200 18
289100 25
154900 22
5700 6
347300 19
442700 6
346900 15
415300 23
154400 17
422100 16
24600 11
472200 8
200800 23
326600 13
45500 21
216200 23
99200 16
163000 13
339800 6
377600 14
349500 6
49400 21
95300 15
233900 6
92000 14
178300 7
158500 13
450400 17
65900 24
339800 22
372800 17
26500 24
183600 12
148200 15
463200 10
132500 25
465200 17
456100 19
3200 10
349800 12
400200 18
432800 17
12600 20
130500 8
123100 7
273700 18
272200 16
97700 10
473600 23
317900 19
146300 24
177700 17
455600 24
23200 12
243500 10
83700 13
27900 23
319900 6
192600 24
484100 15
220700 23
69100 24
493100 14
225800 15
146400 7
74400 16
396300 10
219600 24
329000 6
430100 24
22700 17
285000 7
147800 13
273400 13
303100 25
289400 16
369700 15
426700 20
466300 24
162200 14
52100 18
432100 13
426500 21
120500 7
250200 11
307800 11
53100 21
112700 14
472200 23
489500 16
288300 20
261100 11
360700 25
169700 12
52600 16
208400 6
900 24
241500 25
134700 19
106900 19
17100 13
232800 7
407700 19
78300 12
36300 25
378100 22
290000 12
108900 7
23800 16
375200 13
285100 20
131500 10
407200 7
256900 11
461900 6
299300 17
329700 8
437700 22
423600 25
341600 21
31600 22
253300 15
386800 22
326700 11
219800 6
352700 7
392900 6
99000 13
487800 18
39800 24
391000 25
73300 8
55000 12
198600 8
183400 19
329600 12
387000 22
318700 25
322300 20
177500 21
10600 6
323800 22
108200 15
317900 21
369900 20
446600 7
195600 11
43400 14
8400 23
100100 17
236400 23
126600 20
233800 8
358400 21
325900 21
350400 12
39000 14
226500 18
299300 16
386700 23
135000 21
196300 23
485100 7
386100 21
64200 15
162800 16
463000 12
288800 22
74800 15
257100 18
154900 8
337300 10
427400 11
313100 24
262500 9
484800 11
494800 15
363000 13
31500 8
73700 13
340300 13
216600 23
186400 13
3500 22
83500 15
184600 22
482400 20
190400 18
405700 6
146200 9
255500 17
370500 24
95800 7
189400 12
369100 15
484300 25
333600 14
263100 22
83400 9
142100 13
18000 11
389100 13
388200 18
366100 17
101900 11
37900 21
64200 13
307100 7
164000 14
227700 19
465500 24
274500 11
334000 24
145300 12
197500 8
259100 18
481500 19
166900 22
349500 22
472400 22
349800 18
278900 22
173900 18
361100 6
332100 12
205900 19
130100 12
418300 22
391000 12
470400 16
138500 13
91600 16
370700 9
381600 23
274500 9
245000 17
198400 23
196700 6
50500 8
357100 7
245800 25
498900 22
427800 16
476600 23
431100 23
344500 20
354000 14
275200 15
265300 8
157000 10
461400 14
451200 14
346800 17
18500 13
90600 15
337500 6
476900 16
70400 10
345700 22
395400 18
93800 10
25300 23
107000 22
380000 19
94800 8
235400 24
287200 11
436600 15
380100 19
330100 8
479500 14
24400 7
285500 17
311900 17
274600 24
202800 20
159100 20
390800 16
25700 25
359200 18
436400 7
324600 12
247500 21
38800 23
90700 6
412000 15
172100 13
490800 11
88400 11
64200 7
125100 6
278200 21
146100 25
455300 22
489100 24
124800 13
18800 12
449100 19
192300 13
226300 19
154600 6
229700 7
471200 21
419600 23
353500 25
116100 19
148000 22
463500 25
130900 13
215800 23
434700 25
390400 8
282400 22
204400 25
253700 22
7300 13
13300 15
122400 16
473300 18
226900 23
418400 21
326200 11
45500 23
58100 21
33900 13
137400 19
452800 12
251100 7
188500 16
320100 21
300300 14
79400 7
372300 9
234900 19
56200 25
132300 19
64700 9
70100 7
355400 23
116900 21
31000 17
436100 21
469700 17
422400 17
417300 10
369500 13
130300 15
359700 10
151200 9
452500 9
474300 15
261800 9
320200 14
5100 13
225800 14
249500 9
25000 8
283300 9
350400 17
476400 13
238600 9
78900 25
371400 23
176300 25
87300 23
150600 18
458600 19
213800 8
303200 7
122900 21
110400 21
485200 11
78100 17
367400 25
122700 22
187200 24
468600 6
317200 21
335000 22
181200 25
315700 25
397600 11
57500 24
87200 23
326800 11
44600 6
304100 19
266600 25
271200 22
33200 20
374000 16
122300 25
276300 6
18700 8
443000 13
482300 24
213100 8
213500 20
199300 13
405600 16
479700 14
69100 25
29400 10
471300 22
443800 11
389700 18
454200 20
429800 8
272500 14
27100 20
415300 21
274600 22
220400 17
471400 11
345800 15
71000 9
5200 8
219000 21
82400 24
243500 24
404100 9
47000 24
183400 21
179000 23
422500 9
152200 10
357100 6
165500 11
453900 18
187300 10
390500 20
114700 6
126300 7
176600 9
27700 15
376000 6
456500 7
35000 6
464500 14
420200 18
185500 21
259400 13
265300 18
105600 25
89800 18
408000 16
363400 6
247600 8
22000 13
69100 22
165700 14
408000 24
86400 13
352400 11
369900 13
383000 15
471000 13
72500 10
73600 14
104600 16
362400 25
333000 9
427600 10
61000 11
14500 6
438100 18
356500 8
382000 24
90800 23
252100 22
235100 12
27800 19
231200 25
126700 14
376800 10
338800 17
496300 15
240500 16
180800 24
178600 8
110800 25
104800 13
85500 12
349900 18
31200 8
299300 19
126500 21
272600 22
264500 23
371000 16
435600 15
435900 17
478800 6
466200 14
435300 13
245700 21
228300 16
330600 20
169000 19
364400 7
94900 12
209700 16
241300 24
421800 18
284900 9
133800 14
125500 15
212800 16
75300 25
396600 19
24700 14
26000 14
395300 6
288100 10
189500 6
94200 23
67100 23
459300 22
82000 14
245200 12
331600 21
185800 15
429000 24
198300 23
439200 15
76200 14
245300 9
262900 19
343900 19
416400 8
108000 12
191200 23
29700 14
210500 10
117700 6
405200 8
229000 16
317100 25
411600 23
135600 15
422800 24
380500 14
322600 14
215400 9
370400 18
424400 24
129100 17
65300 14
160400 19
30600 10
35000 6
259100 7
90500 17
206000 15
252900 14
263800 25
469700 6
139300 20
174400 24
265100 10
114400 20
115100 8
90700 11
409000 9
483900 19
48700 19
368700 20
200900 11
2400 22
2300 20
439100 15
282800 9
442800 20
100900 25
273700 12
384600 18
168100 12
381800 16
335600 15
39600 24
202500 16
475100 6
228100 20
165800 15
314400 20
391000 20
153300 16
405900 16
124200 12
212800 13
194100 25
128600 13
90000 21
265200 12
405100 6
116300 20
173900 10
224500 15
167700 16
201600 8
343600 7
13400 22
146400 18
477800 8
455100 25
125700 19
13200 21
242700 11
43700 19
124700 12
234400 9
461800 6
319400 16
71800 16
245900 12
336600 14
26500 24
4200 14
309300 8
379500 18
263400 25
79000 24
360800 17
494800 19
181400 11
311000 10
225700 14
429700 12
46800 25
53900 18
136900 21
139200 13
120400 25
7100 15
248400 11
8300 23
318600 20
100 21
44800 9
96400 12
239300 17
239800 12
41100 13
299900 23
63200 6
341000 9
468300 15
393400 13
376300 16
354300 13
401900 16
151800 24
90000 8
93900 25
186900 13
156500 10
485900 25
446200 11
8900 22
382400 15
491800 24
360200 19
16500 25
38400 11
8100 16
45100 14
405700 6
84900 23
149100 23
273300 13
9500 23
309600 18
84500 13
170900 25
379600 22
465600 20
253300 23
397600 11
47400 23
273000 23
338200 19
454900 19
25600 21
326300 14
494600 9
177800 19
392000 6
51800 19
250900 16
116000 7
8000 15
18800 16
312100 8
264300 12
194300 14
227800 10
88000 10
391500 16
385100 23
378800 11
121100 14
281500 21
360300 13
35500 13
226500 16
30700 17
264400 14
341900 6
286400 12
276300 14
187400 16
330500 16
16900 9
24700 6
318000 9
83800 14
138600 22
155100 24
461700 6
255600 8
275400 23
170700 22
448400 19
339200 20
236300 15
185600 25
144800 7
256400 15
234900 16
409500 18
270100 22
490200 9
314300 14
65500 11
351300 25
399200 11
344700 13
347000 21
499700 25
306500 12
119200 6
437900 19
357500 11
9000 18
346900 21
422300 23
288200 19
247700 24
474400 16
142200 7
90500 19
208100 15
57600 20
348800 19
198500 10
379100 10
233700 16
434000 9
422500 14
290700 8
377100 13
295800 10
3400 24
106100 14
105600 21
231700 18
281300 19
429800 22
442600 8
191600 13
88500 24
406300 11
115800 20
63500 7
3500 22
453500 24
466100 21
