191700 6
116200 6
415300 21
56400 14
88100 25
34300 7
279700 22
380700 22
104500 6
74200 16
463100 21
73000 8
382200 16
390800 9
277400 8
421900 22
72900 6
386600 10
218900 18
401700 9
217000 24
75000 17
461800 23
78700 7
134900 20
234500 6
307400 24
51100 9
482700 7
119900 23
247000 9
400600 11
211200 18
73500 17
411800 23
84600 9
495800 7
168200 25
346000 24
800 23
357000 7
24700 11
226400 20
495400 16
74000 18
49300 10
188300 14
447500 16
329000 10
257600 19
192900 7
377900 14
222700 16
165400 8
370500 8
289800 20
426700 11
182400 6
68200 23
464800 7
137700 10
308600 8
311900 11
466100 20
435000 16
89500 16
363300 12
72600 14
250000 9
106900 15
460300 14
300 6
76100 24
470500 7
204300 19
263200 10
186000 18
141800 13
136600 25
168200 23
355000 25
129500 12
121500 21
453500 19
437900 24
83100 13
225000 12
412900 8
48600 8
322400 9
406700 8
484200 8
265700 16
130000 7
333600 12
352600 9
130900 22
242800 17
116700 15
439400 18
258100 12
401500 12
58200 7
476400 23
386800 9
59700 10
216600 14
209600 7
294500 25
201200 12
64700 22
483200 9
255400 8
43000 18
92000 17
158900 22
218500 19
80400 25
289700 22
435100 18
438000 16
475700 7
167700 17
451600 13
481300 8
218300 13
270200 10
273600 21
74800 10
31700 11
188500 8
403400 7
492100 18
232900 20
242500 9
305800 24
493800 25
165000 10
239000 24
329600 8
183300 9
396500 7
298800 10
311900 18
144300 6
181100 10
43600 12
178500 6
36900 13
86500 12
288300 11
182800 9
165500 10
220600 10
106900 14
199900 14
370400 16
135300 16
423300 13
174400 25
150900 19
298800 10
362800 11
264700 21
383800 24
127900 11
225500 19
225400 20
252000 13
43100 18
226600 16
316100 18
445800 24
461500 22
16100 18
443700 9
446200 8
209500 10
150900 7
244600 25
488400 24
402200 15
452900 13
208400 17
492900 15
362100 24
166100 8
50200 16
396900 7
335200 14
100700 14
415900 8
71300 12
73100 20
299000 6
332000 8
87900 16
372900 10
112100 15
20200 6
73500 16
175600 20
200400 24
499300 11
404400 9
473000 19
491700 11
473300 18
425800 18
378100 6
22400 23
4500 10
426500 14
343600 6
402400 19
343400 22
295900 7
434200 19
100500 18
412800 14
4300 16
147400 19
330900 18
149600 25
464400 7
171700 14
216300 15
299500 20
301300 11
188900 11
45700 10
428600 14
33000 10
319900 19
2600 8
334500 11
181400 13
133700 6
58100 25
295800 21
182300 9
453600 14
303200 11
194200 6
368600 14
247700 11
267300 21
114500 24
65600 15
454300 8
42600 25
228900 17
438100 18
43700 22
170500 6
369000 9
179400 18
424700 10
407400 13
9700 18
395300 18
162200 6
460500 23
293800 25
473100 15
490100 11
379200 23
69700 22
159800 12
171300 11
194500 8
396200 17
333700 22
393100 20
431500 14
326300 14
437300 25
180800 14
50500 6
383800 23
145500 18
490300 25
306500 11
411900 23
305200 12
24900 20
109800 9
376100 6
419500 13
354200 15
283600 8
286400 25
438600 20
415800 15
312900 17
369600 18
67300 15
167700 16
103900 15
13400 11
243200 18
69600 17
98700 25
255400 10
9500 25
247900 18
33000 15
205700 8
272700 23
267500 12
114700 11
323500 25
258400 20
443100 25
50700 25
306900 8
329600 9
307400 17
392600 14
44000 21
151700 13
238200 16
79100 21
165200 25
448100 22
55200 24
409900 8
310800 25
405200 11
348500 21
24100 16
487000 11
374300 6
461600 20
114500 22
359300 15
358700 19
72200 9
349000 8
128100 7
384400 11
414800 23
117900 25
16100 22
365900 17
87400 10
197300 20
9000 7
296900 14
64400 8
314800 8
99600 17
328600 22
245400 13
311300 14
442900 7
344900 22
176800 6
93200 17
190000 14
134600 25
19000 12
439500 8
240500 14
445300 12
362600 8
397100 24
129200 23
259100 14
149100 23
138900 11
324400 6
365100 11
286400 21
55300 6
115400 13
202900 9
242000 12
289600 16
300100 25
24400 20
134500 12
353400 23
425700 6
495200 8
158600 11
2800 21
123000 15
295100 12
1300 24
385000 18
222000 20
158700 16
259500 10
232400 17
426500 16
36200 21
468000 8
417800 23
56800 8
75800 9
42500 16
173000 21
305900 11
445100 18
425700 15
419200 23
8500 18
399000 8
444900 13
341800 18
362100 12
86100 9
53500 16
490800 25
25700 11
21400 19
174200 24
198500 23
354900 15
302300 23
102800 22
202800 19
190500 12
270200 16
136300 14
45900 16
249100 7
289300 8
460500 23
440000 17
43100 14
246100 12
393000 24
58800 18
397000 23
416700 13
438400 22
431700 21
156400 20
68000 19
22100 25
244600 8
111300 8
446600 25
76800 23
179800 10
45900 16
300800 25
276900 17
126200 24
230400 8
407300 21
81500 10
479500 24
357300 9
27000 20
148100 18
62400 7
430000 21
466600 10
53400 10
428800 15
370700 12
244200 11
293400 9
433100 21
322600 9
132600 19
236600 10
222800 24
473700 24
54600 14
296500 11
23900 13
220300 16
476800 12
283300 18
224100 22
12200 21
437200 7
39800 18
33900 11
294400 12
372500 16
177900 20
165900 22
310200 6
385200 7
117900 21
120000 11
303800 12
140100 19
29700 13
263900 17
12000 14
63000 22
152600 22
139800 10
409400 14
480000 11
144000 7
219700 24
316500 23
186000 24
467600 17
78700 15
229300 19
268700 16
243000 16
138300 8
429400 23
342400 7
17500 21
19300 15
17200 11
393900 11
203800 22
39500 22
176400 13
331600 18
124100 18
479600 15
230000 17
73600 8
191200 23
130900 20
257700 14
266200 25
224400 6
242300 7
313400 25
363000 15
72900 12
149900 16
321400 12
27900 20
171900 16
406300 15
123100 15
450700 16
229400 17
242600 23
225100 8
134300 21
401500 16
428700 9
192000 25
410600 20
496800 7
270000 21
389300 21
19400 14
68800 18
297400 9
449400 20
33900 24
76300 21
65300 9
228400 11
89300 24
179500 9
361500 16
133800 18
52100 15
163900 18
74500 18
372400 21
230100 25
121000 7
202600 20
41700 10
279700 18
418800 23
77100 21
434800 25
236000 25
379400 21
3500 23
419100 15
397000 9
475100 12
34900 16
211600 14
29800 16
88000 19
252600 16
42800 24
171600 8
291400 25
323800 20
97300 22
312200 9
4600 24
22100 21
359200 13
158600 20
177600 13
290600 10
361900 20
462000 18
274300 19
436600 23
175100 10
303200 21
273700 7
228600 23
131000 14
191100 7
428800 24
350400 9
418300 21
148100 9
476100 9
182600 14
104600 20
368700 23
95400 18
285900 20
98500 10
162500 20
269500 8
50300 22
263400 19
56600 20
491800 23
59800 10
247000 21
477400 11
402700 16
160300 20
233900 19
61800 11
267800 7
178300 19
251500 14
321800 10
55100 13
369000 19
41200 9
364400 16
86900 23
265300 15
319400 21
105500 11
146700 16
217100 10
302300 10
285100 19
494100 6
311200 11
285500 7
251100 24
242900 12
209300 21
159800 24
247000 19
346900 7
171500 11
67200 12
438300 16
1200 20
475300 20
281700 23
327600 11
411900 20
472700 12
128200 24
450500 25
419800 20
256700 15
214200 23
420900 11
321000 18
225500 14
232300 18
345200 25
100900 12
5300 8
475400 7
356700 23
487800 20
104100 25
277700 14
265300 15
56800 8
120900 9
211000 18
434600 15
144500 25
487000 10
129900 14
106000 18
461800 23
483400 24
203400 15
276200 16
494200 13
138800 13
196100 11
344700 18
137100 17
322900 21
43400 7
165900 21
298900 11
234500 23
162400 23
283800 7
494200 15
188300 14
381700 7
494300 20
427500 11
288800 13
446900 14
340000 22
145500 11
206400 17
314300 16
112900 24
181100 7
291400 14
146400 16
11900 11
221600 19
403100 13
156500 10
259600 15
413400 11
139900 23
83400 18
346700 22
182800 23
2400 18
165700 11
471700 15
220700 17
218800 10
168800 6
371800 13
147700 11
433200 17
487300 8
431700 18
420100 6
321900 15
140800 10
44700 23
405000 8
417100 12
112200 10
204800 6
487700 14
53700 25
5700 23
43300 9
54700 22
304900 15
173200 21
479200 9
288900 15
389000 22
390800 12
140800 15
266700 25
346500 11
209700 8
448100 8
106500 9
216400 21
462800 8
276600 9
302700 10
487400 23
250200 12
363200 17
471900 9
241500 17
213700 23
275600 6
216700 8
138300 22
208500 25
450800 15
400900 24
64900 17
158500 6
272300 25
174100 6
71600 7
426300 25
20800 10
164500 19
480800 15
283000 13
445200 14
453600 10
236100 12
10500 18
19500 21
466900 17
67400 14
380100 11
309600 7
140400 17
498700 18
144600 10
258800 17
23300 17
137100 9
185900 13
369100 11
3100 8
173400 12
468000 17
242200 19
40600 7
177500 14
496300 6
117900 6
293000 24
402800 7
379700 16
22600 12
461200 18
172600 23
281200 11
73800 11
273600 9
275200 14
399600 8
85800 20
22600 24
257400 11
155100 10
393400 13
413700 18
482500 15
477400 9
282700 18
500 22
391500 24
67100 17
394200 8
82500 20
423200 16
99200 9
223300 6
175900 12
9000 19
208900 13
325500 20
248900 19
489400 11
393900 14
225200 21
20100 13
48700 6
94700 10
262700 10
361700 8
137500 16
80700 21
268800 15
24400 12
427900 19
78500 25
80400 20
38400 6
178400 23
124900 17
108400 15
147600 21
328700 16
189200 13
172500 7
206400 7
310900 25
61100 14
102900 18
88100 12
235100 13
371000 8
324000 19
361600 6
23600 20
6000 9
362000 12
188400 12
414600 17
173500 6
305800 10
124400 12
488500 20
256000 19
296500 12
433800 22
177700 19
287700 24
289600 11
24200 12
309700 18
91500 18
306200 9
469300 6
140400 18
84400 10
70200 10
121600 12
217700 19
216700 11
283500 15
53400 15
396400 13
94300 13
294900 18
403900 22
487500 10
121000 23
447200 10
275500 20
493500 11
268100 7
187500 18
38000 15
466000 19
72700 10
475400 14
476700 8
330500 17
343300 9
373500 17
410900 15
346600 22
294200 18
437900 18
383900 16
354400 22
351700 23
423600 8
394500 22
83500 13
362200 7
21100 14
449800 18
129800 6
394600 18
162500 6
151400 22
199100 20
481300 8
200200 16
83100 21
128700 17
59600 6
54900 18
472900 19
464200 23
24800 7
50800 19
324000 21
132200 14
84400 14
207600 7
265900 25
62700 16
72100 10
27000 22
473100 7
426300 19
422600 12
358200 11
111400 14
297100 18
55800 12
4700 8
89100 23
10300 11
323400 23
182100 23
492300 23
331400 23
282600 9
75900 20
261200 18
97800 14
5900 7
182100 19
379100 25
72700 10
211600 19
13000 19
137500 19
116600 13
288200 14
63200 18
163600 11
213500 21
440000 19
233500 13
290900 21
29600 22
52000 12
167000 16
240000 17
80600 19
490100 21
479200 10
78600 9
348800 19
402100 16
456900 14
398100 8
140100 18
2100 22
239500 15
5200 21
177400 22
303000 9
241400 19
41600 23
363200 14
363800 11
7400 22
310400 14
307800 6
484700 17
310900 9
404400 15
251500 9
460800 18
108200 6
471200 22
419800 25
77300 23
131400 25
189900 20
438200 24
54500 6
455700 6
461400 15
473000 19
125000 12
30800 18
29700 15
357700 8
344100 18
488500 10
212400 25
63800 14
292600 13
333200 12
16800 16
256500 20
374300 8
430600 16
283100 22
296500 23
384800 17
345600 7
216700 23
156400 12
154400 9
412200 18
357600 12
57300 10
25100 6
366500 19
213300 10
362600 12
381200 21
37700 11
282700 21
121200 7
482500 23
131400 6
496400 17
46000 9
62800 11
374100 14
366500 19
154500 18
399600 17
10800 6
202800 13
333700 22
251700 24
129600 7
273800 25
367800 8
700 12
319800 10
36000 20
434100 10
215000 7
500 23
248400 12
262700 16
4700 11
157300 16
158400 8
111300 14
336800 10
360100 15
36200 22
10300 10
283100 25
343600 20
332200 9
118500 23
403800 14
27000 7
192100 10
111200 16
315000 9
391800 15
188800 7
113400 6
399900 20
11700 13
155900 16
207100 11
409900 15
188200 8
483400 17
27100 13
193500 18
49500 22
284600 21
45600 23
70100 20
3200 19
486000 20
205700 10
356300 14
296400 25
50200 7
299400 16
83500 22
319500 17
77000 6
141800 11
443400 23
424400 20
392700 12
145300 24
497900 20
185300 25
175600 21
424400 15
430100 9
80600 21
279800 11
71100 11
431000 6
393000 8
398500 7
367400 15
366500 6
44400 24
126400 21
63900 11
277900 13
398300 13
234900 19
187600 13
461100 19
62200 13
126800 6
51800 22
346800 21
235600 21
295400 7
69000 11
450000 18
416100 18
464700 19
326600 24
375200 18
53100 20
367700 6
155400 25
178400 9
345900 15
319800 15
380000 16
149600 13
431900 8
256900 15
450400 14
155900 22
430500 15
229700 20
445900 8
204100 9
287300 24
424900 18
315400 23
498100 19
458600 17
212600 15
373300 17
254200 10
24400 25
43500 15
492300 21
392600 23
248600 13
216300 15
59600 15
379500 21
91400 15
133200 24
121200 7
161700 12
445600 6
370900 16
415200 14
352000 10
342900 16
468400 8
15500 13
482200 20
23400 9
83500 24
480000 6
370800 23
237800 12
43900 13
168800 11
39300 7
140700 16
328800 15
3300 6
22800 22
102500 11
429700 16
168100 23
128900 6
324700 20
392500 12
327200 11
120600 14
185000 6
226800 6
460600 15
260700 18
385700 7
369800 25
178100 14
376500 17
416900 15
386200 19
3500 17
250700 10
11400 24
92100 20
190300 25
200100 24
30000 7
137500 8
14600 17
424300 13
83900 10
26300 13
78900 18
204300 20
473300 9
25800 7
