205134
7574
6217 7629
1880 7953
5520 6371
7378 5069
8313 3970
5300 5871
2481 9495
6712 3695
1046 4750
7801 1563
3795 2490
5929 6232
1601 584
5734 5024
7681 3913
2693 8736
1922 545
4811 4737
9629 9929
1480 468
9824 9866
2012 2571
3078 5828
8087 418
2748 4278
8395 1396
6763 733
1223 6689
8031 6384
9600 334
5465 9538
3410 1313
3878 2040
7542 9354
7451 517
5963 7467
1149 3361
169 9164
9821 4690
2999 2340
9400 1588
7839 1047
8299 3440
4796 1102
1592 3222
2913 7669
2431 4907
9017 664
8638 6372
5282 4901
3243 9318
1044 3481
2023 8525
4198 2457
4820 8921
2621 4985
8128 453
8499 4451
1283 3545
6472 2916
8758 5083
794 6327
3867 4751
3386 5739
7577 6316
7720 5207
550 1796
4632 3733
8384 5028
4572 2047
4041 4961
5570 5950
4063 8740
534 6053
96 5232
9135 1913
7082 1117
8193 3961
5386 6549
1886 5945
625 7418
6355 543
6661 1506
9748 6556
784 8992
9377 6653
2180 2470
4583 7792
656 3514
9260 9103
3253 6865
2895 946
6418 3632
1529 4858
4429 9386
5452 8012
6074 6438
6091 653
8101 4142
3442 5540
2467 709
5528 9380
2571 3636
8712 6047
3548 1117
8686 5290
7761 7716
9760 908
1246 3382
5142 5593
408 2871
8677 1548
6194 1307
8079 919
1703 5445
1731 7024
5930 671
69 1927
8942 1188
5974 1171
1195 9476
1152 6227
6118 7121
445 2753
1513 5583
1044 1511
2535 4999
541 2980
4278 4756
8648 260
678 2870
4716 1401
9776 5074
427 4596
6340 1353
1967 2471
5986 1984
6522 9319
9421 5936
3944 9765
7490 4611
9732 2496
4774 8979
961 8964
8173 4053
9910 5795
3950 1462
785 1686
1786 9144
3397 187
6512 2205
8134 1579
8897 3420
1719 68
1100 5399
1176 5837
32 6865
6768 7773
5630 66
5538 8112
2868 9199
6778 2529
1094 9305
629 504
8652 3945
995 2491
7070 474
3266 289
8254 2918
3661 604
2294 6429
5281 6888
6327 9650
3799 9125
9952 6820
2209 5462
4572 6218
274 7389
5417 3315
8814 1174
9338 9615
3001 7746
4179 3727
6201 4653
425 3496
8208 3046
7237 7693
9106 2484
1025 5643
648 4531
2837 4906
8880 9069
276 4606
7643 6881
286 7270
7856 5862
1036 1012
4097 2054
2689 1580
6222 8491
2872 4025
3134 2200
199 5947
537 4638
1014 4871
1158 7174
458 9570
9545 5026
9027 1200
4798 3182
4987 2995
5837 2914
5218 6640
8650 1627
6896 734
2791 7965
1149 8841
9995 6732
4360 4702
7603 8252
8548 4429
1537 2178
4589 8338
5607 4594
2827 7821
5036 2435
6581 3730
8299 4083
2397 2986
4503 2863
8969 7799
1478 5368
9660 5752
4379 3819
9975 6538
1386 5020
5773 6755
9167 9660
952 9155
484 9205
4285 7572
1819 1071
8239 8435
9500 5082
5791 4674
1864 7958
9053 9634
9603 793
7605 3059
3423 3119
6939 1092
8210 5869
2607 949
7148 3749
10 4903
6976 4073
1532 4521
6215 2541
8412 9874
974 4553
5741 6762
6851 79
9674 7139
8572 4055
2747 1693
5713 9819
3427 9555
4757 8538
9202 4905
8235 3474
5136 3258
9649 5304
7830 3498
2083 6124
5742 2798
4051 4842
2547 3795
6635 3137
6372 9585
3423 7815
171 4766
7107 9473
8428 2680
3972 8828
5806 3162
8284 6744
4869 2340
1730 2825
648 7410
7601 6697
8399 2098
2356 7894
4385 2743
2580 9128
6535 8207
1947 2035
3936 2978
6306 8539
6473 8172
9252 6691
6818 8780
8592 9271
1331 6019
8036 3202
7542 4078
2996 2686
4299 9727
1351 243
1018 3434
2352 5249
6264 6621
3006 6814
958 4854
2678 8051
501 1690
2782 2363
982 1668
3962 2319
4133 9970
5209 3260
7892 8360
8775 153
6099 6123
9561 1547
3368 8975
8064 1495
1657 1641
9837 7886
3827 5074
3119 5631
6078 9894
3960 3040
771 5396
2154 8413
6782 2547
4074 2688
1295 2491
1265 4137
1665 6470
609 4998
9394 2319
2386 7956
8204 134
1771 3477
7381 2850
2508 9396
6765 6248
7695 244
9844 7898
1556 8309
6609 7490
8718 2822
3808 6747
7484 9625
6924 7973
986 9669
3123 3539
6725 2460
2676 7982
3321 5109
1026 4460
5667 9833
5740 7845
5782 2352
5067 9470
4659 3167
385 5856
4708 3509
9637 7086
2735 9281
7765 6980
203 5519
9309 774
5073 7627
4956 117
964 889
2103 770
3638 6100
3455 6188
7502 7786
2636 5843
7451 6162
7931 4461
1849 9505
1762 750
8021 3786
2073 9076
4422 6856
539 6677
3149 5942
3147 6054
8340 1966
112 9047
240 3621
7316 5485
5835 2242
5407 6930
1052 1327
8047 6101
5250 266
3547 7539
1335 5016
6979 16
4785 852
6641 2575
8216 3363
3710 630
2204 2577
9435 6077
1425 5297
1182 2506
1892 1351
5440 3411
8333 643
597 2181
8808 9632
4670 7219
4033 6296
8376 8304
1590 8196
3700 2338
7654 811
4004 2739
6245 6557
9520 1952
4817 2589
9153 7458
7005 5221
563 7674
3967 6918
9124 5182
1588 7883
1925 5764
3476 8071
7653 8764
781 4478
5551 8527
646 3208
1906 2335
7441 4784
4164 8742
6799 5461
9484 1937
5966 8341
9228 9968
9701 5181
2796 4921
886 1874
3841 7890
6157 9376
4446 9772
8878 6086
2537 5170
1602 8771
2294 3773
3217 7219
2406 7021
235 4011
9149 3424
9377 3589
7462 4840
3057 2167
4264 5809
1680 7282
6097 2245
6968 9420
9766 5997
9704 1221
9599 6997
5220 7169
5717 3686
2254 4626
9057 4497
7165 2981
8975 8356
3826 7547
8578 3420
257 7560
3303 4488
1309 7379
1096 2128
542 371
6726 2457
7889 5993
3698 2839
4563 148
1677 2154
5221 2420
9890 5468
7857 8824
7437 8006
8764 9321
6726 1585
3336 9145
6350 9032
9545 152
7418 1207
4163 5330
202 7097
9016 7498
9523 1118
1155 2051
871 8747
297 280
8460 7206
3042 5389
3825 2299
2100 2775
8588 9910
1958 8831
649 6430
5149 5719
4765 8887
5036 817
5504 6149
8194 6378
5018 7232
9053 5901
4870 3258
7060 7308
2938 314
5397 3505
4299 4874
2098 6854
7845 2385
7449 4516
2846 3734
1020 1760
6371 2599
9043 1507
5940 412
7209 2502
2952 145
9441 8851
6847 4602
5348 360
552 7132
462 9624
3564 9178
3620 4312
190 6741
3255 5891
9980 8231
5264 7626
437 1450
7346 1480
2461 6687
3700 8817
5624 2293
5721 5785
9553 6856
5602 6209
7906 1298
3932 244
1647 557
3602 1964
7317 221
8172 2635
3830 9806
4649 3569
1498 1514
851 5049
8128 1777
1787 1902
9078 1922
3171 5469
7873 8400
2694 2146
1330 4519
1396 3896
41 9314
6281 5612
8234 5492
3591 7692
1597 251
8031 3119
2621 3910
6088 1373
2110 1263
7222 2274
298 7816
4757 1134
8374 5779
4061 7074
8457 3606
3438 7046
5137 1747
7859 9587
2203 8432
9551 9240
8143 5845
5023 1633
6596 2747
7927 1069
4251 5328
5599 9055
1176 3630
8772 9147
8547 9189
3591 7174
4042 1314
9173 6601
1032 6032
9838 9130
1673 9095
9299 4146
3798 3442
5916 3693
8854 6541
7011 872
2926 7538
133 2467
2143 972
6463 7291
6288 9966
9890 8913
9142 1550
3558 8435
7594 6247
7027 9410
7444 6208
5807 7182
4923 6900
556 2824
2983 2938
3130 5428
3660 6710
9708 3356
8513 5350
4060 7832
5630 7238
3804 7445
4590 1020
3903 6019
6464 551
1938 8740
2142 6648
9096 9531
7970 6174
3746 2237
8479 8857
5721 7693
4766 268
5649 5944
3476 1713
9705 5563
6751 8173
7886 7654
5706 4125
7461 2269
7151 4693
5345 8068
4142 9281
7352 5045
9411 5190
6146 8470
1078 2540
7335 2355
2207 8472
1040 4915
7671 2230
6883 261
4499 7035
6036 3823
1659 9045
644 3035
1416 9371
3798 9529
354 2203
2206 1238
5668 4100
6321 3325
4724 5955
3029 2113
6999 487
4009 6371
1382 927
4785 6536
8754 4507
1940 8038
5630 3794
8810 8097
3017 8582
2766 1468
9273 8836
5620 5141
4052 1482
2561 351
232 4453
2721 467
8523 6599
9067 8630
1856 5361
728 4008
3215 2971
1317 8014
2700 5740
9912 2041
1876 5494
1894 5047
6737 6606
2501 711
3907 7804
7536 3455
2791 4122
4410 3201
4639 4884
4601 2176
7875 938
5907 4407
7753 7547
9572 7143
1274 4725
6304 6293
7391 9962
7382 3224
2405 5254
9945 139
9028 7983
7469 9529
9356 4528
2756 1445
9394 7416
4763 1962
9091 2676
8560 976
5052 4109
7788 4137
7195 2450
5778 477
6425 6878
2906 7158
7049 5255
1924 9654
3905 3703
721 9468
5301 1935
1510 6638
8634 4858
8291 204
3009 9716
6246 3558
5326 9139
2366 2717
3620 5486
5676 864
6470 2035
9332 9205
8586 8337
8549 9954
9892 7320
325 7147
7939 7194
6697 801
3116 7365
1562 6402
7827 3592
9153 603
1349 7497
8283 5658
9018 6386
1744 4759
1057 2695
6433 7428
5122 6931
9592 2125
7339 1318
2297 9615
3387 1729
4812 7149
70 1706
4164 2947
7732 5594
3538 1056
4630 2994
7233 3507
1482 5259
4040 6416
1690 389
966 120
8335 5510
6373 6944
330 7406
2727 7876
1337 3864
443 4346
2664 7656
2808 5265
4516 5338
4566 1076
9396 9762
8503 8736
3112 843
59 8213
1515 5268
2735 6338
6648 3443
1165 9595
8070 6274
8088 1861
5288 6416
9829 8992
9023 831
7519 4148
2127 4047
9377 730
627 4655
1369 6879
886 8217
4214 4335
3772 919
2053 260
9422 5393
9388 8847
8342 901
8616 3694
3784 9809
5977 3751
2661 5636
5224 3980
995 6603
4716 9265
1160 9644
674 3604
805 4076
1743 5512
8047 1536
8100 8548
8216 1361
4731 7096
1762 4806
5239 6189
2644 1908
3397 7837
2143 7797
5863 2994
1410 7944
9330 7917
93 1209
182 9951
7147 7142
2579 8055
8182 1498
251 9468
3623 9287
6122 6266
1992 2223
7004 7223
1808 6247
7474 331
135 7976
7584 8205
3650 6194
1136 8151
1398 575
5068 8429
5079 9388
3772 5123
8938 3802
692 2881
1343 2224
9033 7648
5289 6442
4108 5454
7949 4413
1907 8041
2092 2647
5565 1175
4869 9134
7423 5931
5408 5480
9587 9264
4898 8881
7648 1787
9460 1688
9342 3067
6185 4634
8243 1251
7758 7107
9072 3823
6735 2015
249 6583
3899 3451
8467 4442
1134 909
2157 334
3354 2884
6420 402
4534 1545
3488 2046
3691 1719
4911 9251
5351 553
6803 7063
4360 6583
143 7698
7005 8204
9826 3753
4424 8434
3090 5247
3291 1768
8700 4633
2793 1438
7921 9304
6223 9045
6818 2742
5686 2733
2917 6645
8183 3701
8216 7680
7745 3929
8149 2095
6294 4671
1431 9198
3626 7782
8192 1940
920 957
8955 1436
6800 206
7541 5516
3761 331
5419 3457
9030 573
5155 6905
5507 2810
2221 5784
2793 4628
32 4887
5624 6477
2638 4052
2156 3817
6466 1875
1689 938
6039 4464
2938 3612
9776 5463
6679 6006
4204 5453
7562 1396
4806 6661
465 1060
529 5889
4397 4911
6386 8113
995 6970
4564 8578
5233 4738
3096 6423
1609 2150
7557 8255
8746 1335
6487 5404
7095 6797
2032 454
6241 547
3238 8521
3388 9424
4045 5144
1382 6203
6521 230
860 4507
1764 6552
6619 3932
2333 6047
1146 8176
6212 8907
9572 5009
9048 6277
5676 4443
6709 5236
8214 1330
4004 3581
2735 6469
531 6393
8484 3899
6780 4396
6903 3108
1775 8344
3531 3934
5952 9861
101 7804
1097 768
211 5171
6532 7562
3504 7628
4976 3072
2887 5002
3457 3416
6263 8373
7143 8684
9468 4312
7119 7415
3934 8843
7986 6455
97 5013
1100 2643
8930 4350
5424 1024
7754 2122
2862 3435
9697 4085
5164 3344
7858 3770
9147 8057
5621 1696
288 9297
4116 9142
1857 9971
3430 7664
4305 9897
5520 2077
7778 9657
4559 6399
3428 4080
1634 8511
3683 8662
1752 8123
6592 6804
7306 2329
8769 1630
2730 2764
9970 4873
6931 6815
3050 9621
1021 1086
1862 8054
3111 4486
1535 134
9460 246
1253 9140
3707 1914
1246 7628
2010 6789
1457 601
8715 5942
483 5117
723 8021
5314 3376
9072 7739
6462 9373
605 4288
3677 3171
1322 9814
7190 7761
3275 1065
4028 3941
9423 98
9698 6960
5231 6219
4234 6000
5131 7431
8755 3514
3271 7960
5001 5847
6445 5476
1050 1531
6239 4741
8960 9584
1227 7455
8873 6931
7277 2293
1102 6218
4575 6765
5625 9081
4570 4337
8081 9786
3970 2941
1414 6309
6954 6062
1295 6534
7760 3585
1084 2984
4433 7833
8036 8308
7176 5827
6367 6852
8962 4238
3748 6079
4655 8477
5506 9761
5711 8547
409 5994
7332 5709
652 4622
8026 5715
9810 5433
9287 3208
9809 1109
6199 4551
6036 4313
3366 984
2944 3472
3652 3141
482 6527
147 6201
1121 4068
9700 2760
9549 7585
2840 2036
5773 2560
8952 9479
4667 1070
5467 3453
4274 6509
6012 3153
4795 7348
5579 6946
5419 212
1784 8995
6742 1224
6124 7963
4033 591
8098 5699
7474 6256
6691 9056
2418 8827
8692 8394
9597 6184
6086 5141
7494 4796
9896 4248
1603 6179
4446 3834
5781 7385
5391 6314
1959 946
1909 3045
8598 4360
3279 4283
9959 8841
4571 6
4817 9833
5744 4124
9263 6305
2314 3427
3054 8377
8712 814
3412 1742
2773 7879
222 6107
5654 1513
6253 2635
8872 7180
8684 6888
6092 9098
1571 153
2046 8089
5945 8689
5447 7329
9205 38
3394 6304
3023 2859
2151 5012
1002 4342
2106 6500
6498 8111
4657 7009
3635 2474
1894 4002
9966 3091
4320 8975
5188 608
6942 8677
8870 3291
5200 6865
2353 6295
7310 7235
8458 174
9182 5598
7830 1577
9670 5052
232 3800
7368 247
8240 881
3147 8778
8107 705
5831 8832
7278 7694
8875 1106
7496 4395
666 7653
4967 7097
4993 7703
3539 542
4547 6315
3682 9556
6379 5697
3623 183
2276 8860
1893 5398
6751 3156
6326 5894
6828 5563
8659 9535
3487 6860
7172 8525
255 1412
8586 9352
765 8040
3745 3007
3380 3163
8955 8834
4338 2490
6661 8496
5988 5688
8145 6156
955 4426
8915 8483
960 1624
5769 2101
1772 7905
4452 8002
6049 9072
5594 1433
2113 1899
8034 510
808 3143
3919 845
2527 6711
1721 6000
2610 1597
6389 8604
3887 1673
9646 2741
3063 1105
5904 9783
8630 9553
4641 7799
9045 6321
5746 6411
686 733
5708 384
7823 3076
6491 54
6195 4353
4358 6914
4796 4166
9555 8568
3047 9011
1233 4806
9405 6491
9143 9735
4323 887
2919 3292
9101 2457
2961 5646
777 495
1001 7854
9757 7791
4528 7229
5809 2927
5268 3298
3770 5449
9778 4415
5862 1319
1386 9115
5557 6158
5368 6763
8422 5658
1538 6243
4228 5959
572 8415
711 3050
2787 3790
9224 7819
506 3373
2804 3082
5982 4917
554 4148
4548 2305
3799 8031
6826 9324
6642 4209
4570 546
3376 5636
5389 4886
7677 7187
5933 3229
7925 7947
4009 7305
9973 1171
5613 321
8840 6329
8546 3098
1225 7461
8308 8975
1858 6873
8245 2531
5964 4836
6849 4878
8201 1332
5212 1837
2786 6613
5884 1363
4078 4086
61 8051
7398 8020
9712 2241
2989 7590
4135 1721
8691 143
3752 9699
466 199
1805 4693
2469 9251
8276 7015
1466 5911
4389 4714
6612 2904
8362 3779
136 6214
2561 8569
8047 1769
8364 713
4812 8284
8998 7066
6440 4474
4031 8083
231 9970
5527 115
6174 7885
9557 816
7665 1611
7060 8478
1668 2650
867 7906
7942 1532
8110 6036
1639 3635
7510 5971
9475 420
3552 7194
5121 6692
4635 3928
1321 2993
2506 1056
2993 7389
48 7152
5289 5924
4895 9129
6574 9338
6229 8766
6798 5365
3787 9189
9840 2234
6381 2875
3100 8957
5366 5351
4063 3999
6083 6234
5808 3495
6635 3151
6911 984
7632 8163
4854 6232
6877 6247
1936 2355
2256 2261
2092 8824
3917 3271
5028 3860
6218 7985
3183 8705
964 7372
8851 9242
8714 9213
4628 9812
8781 5460
7862 6999
5586 4163
7964 1138
7212 4406
9811 3590
2759 8269
5916 9685
1623 5023
4065 3465
8829 9269
6601 8139
1356 503
6940 7457
3334 4322
5987 2550
4822 9816
7395 9780
4318 9073
6825 873
1482 5368
5527 177
468 3673
8359 5600
4767 8250
4056 2463
3388 905
6661 571
3577 6254
4745 8533
9117 4733
2952 8647
7580 6385
5619 3382
932 5886
5678 2390
6317 6834
6321 3527
7107 702
7333 2319
9308 8674
4469 4962
9647 7783
4317 8388
9627 7674
4794 8372
472 7612
4433 4772
6171 8611
6618 1671
6437 8139
9309 9969
305 5602
9157 3521
5635 3143
426 972
3693 333
8996 8225
1859 9125
5941 7886
5885 7617
8135 7711
4823 3137
5678 1376
9165 5336
7129 882
2310 535
5803 161
9600 9135
7125 9609
4175 2893
109 9994
2635 1538
1660 7823
7153 6223
8256 3060
6948 2107
2745 2613
6696 8771
2962 1478
4374 9324
2972 8175
9037 3364
769 3527
8156 4913
5403 4231
1481 7133
7145 9528
2957 2961
7576 8448
5949 9080
6063 350
7466 8703
603 2570
3493 4420
8848 3958
9251 3537
1717 4667
3761 6010
7662 3337
1945 9922
3820 1364
328 4810
2828 6174
5565 617
7249 8710
2410 4039
9088 9563
645 7884
5353 7532
7627 854
6492 7602
7576 5309
2676 3532
3 7254
7050 1036
3191 6368
9138 5680
9914 6511
3996 5798
6785 9755
7665 2197
980 5816
8517 1488
8923 8394
6506 4788
7850 4086
628 4392
2062 5061
6010 2504
654 7016
3013 8705
4529 2925
163 4689
9651 425
1445 6933
8469 5960
2320 5130
281 5026
7570 9058
5402 8041
6320 4519
1454 5539
9116 9744
5180 5454
2180 6820
5025 8874
6236 5282
144 4388
4018 8068
5387 5000
4693 7234
5956 8985
1042 385
6975 8820
588 1141
2855 3182
5203 3961
9066 657
4382 4518
5297 2143
5692 5619
6519 2323
2947 54
4656 4290
1898 651
83 8075
2050 2442
6924 3322
4396 3894
2710 4558
5610 492
3150 1167
4882 2551
4785 8590
4142 2474
7399 5860
8735 8598
9116 1979
1332 3651
873 1248
3175 4885
5608 9
5203 1499
8935 2162
1010 1291
9144 6989
5766 1332
4828 1298
1695 1820
8354 4152
4733 2700
8339 6499
6349 9420
1415 8408
4115 8304
2919 3013
2887 5840
5272 1562
2491 4917
724 1537
7270 5235
6418 3251
4696 5018
1414 8420
4924 3228
7163 9046
1342 6380
3575 7649
7355 3564
8193 9714
922 7966
6957 612
354 4081
5169 6481
1910 5430
8545 8960
1480 5089
7571 7027
7221 2740
3797 4232
2531 1797
39 5424
1995 4721
2536 8600
287 7382
9141 5521
5549 1853
6924 6795
6375 743
3474 3569
5779 8751
2460 1417
8686 6806
2326 985
2600 7863
3899 7466
3304 1121
6950 3863
2309 2752
3568 4234
163 1682
1114 4396
6180 4501
4599 5832
6885 4230
3359 8494
967 7482
2934 8342
5515 602
3953 9369
327 9699
8354 8275
2714 8551
8306 6179
7754 6569
8149 4028
3450 5634
7246 6804
7272 3834
4439 2716
8909 9558
4238 7753
1327 5922
2271 5693
1131 5930
8149 900
9550 1768
7675 4953
5831 7353
25 7695
965 2020
2354 3825
944 8482
2727 9736
6266 5387
9168 450
4893 2511
4476 503
1412 2999
1774 4303
9016 5252
5253 8883
9239 6069
1682 6712
8542 4289
9397 4624
786 2623
7069 3566
1129 3507
7483 9003
9698 462
3566 1003
3747 8577
1282 6465
4319 821
3267 5868
9464 2571
9510 1525
651 897
8107 6857
458 5123
1141 784
9679 1909
2581 1461
267 7664
2735 5631
953 6907
7735 3289
8079 6461
8512 599
6403 2863
2784 1523
3852 8698
4735 4526
1126 36
1610 9620
5150 5855
7170 2889
8964 1226
6475 7824
6042 8831
6187 1364
3101 4586
8288 1857
4437 7878
8498 2414
2474 6228
7558 9330
4527 323
7622 8274
222 2989
5310 1654
3532 8909
6183 3286
7605 1975
1476 8133
1177 4381
3565 4700
7700 2141
979 209
299 8364
205 8472
9083 5407
6523 1552
1868 8864
5677 4018
718 7577
2942 8715
6017 5615
8370 8932
8604 4918
9489 7327
463 4583
2658 6291
2271 5577
5232 2348
4112 3183
1806 7867
6204 6175
5717 3255
766 2482
306 4143
2782 8470
7393 3940
3988 1204
8113 4616
5635 4363
4399 8365
3440 69
3074 2415
2988 4702
7485 4779
6476 9086
6326 6353
8790 1840
786 4078
1770 7131
3745 3237
2912 5299
4748 3550
674 5692
767 7610
6738 9115
5188 3469
2492 1229
636 6634
2547 5690
224 1954
8622 260
5172 8622
8789 9383
3581 7475
2661 8925
6242 1861
4609 7205
2808 5646
6308 5258
5357 1929
8487 3589
3739 8190
330 7093
3484 1157
2313 3419
480 1895
9057 952
6253 3515
8352 6798
9891 2671
2757 7169
7278 270
816 8053
3080 2248
5112 9631
3945 4628
1456 2262
9359 2999
5178 4739
2201 4379
5087 6003
178 6677
823 1748
6633 7063
4184 1979
3342 9923
1226 7306
392 3113
8703 1908
507 1880
2189 9282
7131 8754
5779 6916
5473 2096
326 5517
1237 5671
6764 6397
512 6323
6780 9766
7139 5778
747 5799
4427 2364
6146 8361
3570 3592
4037 7375
8443 790
3606 6417
7870 4746
4972 7064
9806 9403
8436 743
874 9711
6516 7154
2009 5347
9801 5822
1947 5665
1313 4352
2871 2442
5923 9262
9626 3973
3622 1501
4871 199
1518 529
2127 7256
2429 3035
8567 2432
2586 9937
9534 367
5632 5709
9832 4954
2438 6332
3408 228
1898 3762
267 146
591 3363
8599 2104
7719 9511
5993 7107
1537 944
6614 1590
477 3865
849 1620
1436 1461
8421 2652
5864 3113
4497 1372
4541 8796
4371 5914
9619 5958
5733 3039
4735 4621
9828 206
8209 2999
921 5837
3269 3251
7764 4642
7952 9549
2748 5518
1524 1709
1069 2821
6265 5776
4028 2173
2546 1276
961 207
8270 2910
1926 6966
1569 3661
2856 5893
2049 4992
1813 1833
3982 446
953 3442
6553 7348
7135 3314
994 677
3328 7672
3527 482
2861 8213
3455 1916
4896 7548
4606 1437
1340 1019
6338 3167
361 1901
6693 3352
5441 341
3686 4290
587 9993
3912 6180
8119 4404
4865 8590
647 5975
918 3619
5930 3296
7270 8295
594 1142
6225 1318
1093 8949
2470 626
8964 4051
6460 3115
7572 7867
5103 3679
6977 4155
3519 9462
8248 4935
7819 4433
5581 689
1474 7849
391 1636
6698 7915
2552 7332
4388 5384
7938 766
8331 4
5606 7924
6005 8637
8883 6429
3906 4383
82 735
9372 3637
3584 5047
1596 5965
7806 6066
298 731
5805 1370
1933 5515
3285 9275
7178 5450
5860 2341
3948 8030
3139 3358
5125 3963
5576 6708
837 3510
7760 8389
8185 3357
7551 1339
6794 3014
1920 3446
6184 45
2920 116
1809 8396
6859 5950
8976 7274
4995 6865
3672 5461
5409 750
2025 2308
4382 8901
6199 2450
8461 9304
1692 9521
9737 8173
6508 7358
5056 6341
9560 5122
681 4953
398 1056
7210 5686
4861 3024
7067 3384
7904 870
9939 9078
5800 5705
4918 2061
2126 4679
8729 2352
6000 1717
624 8016
5353 1951
5203 1444
7636 5786
8908 8722
4020 8304
7044 1849
6240 1065
3986 6754
6245 2956
6320 298
2061 3925
6974 4233
7175 1171
9899 850
7061 8751
8905 2822
7689 2544
6327 3612
9946 1233
8463 2040
7656 8487
9971 4839
2108 4011
9926 5122
1685 9194
403 6165
3035 9984
2210 5321
4574 2627
8531 1319
5561 8505
2011 718
8043 9099
7074 5763
2547 523
4462 4224
4970 3841
7246 2938
1757 919
6525 7918
2046 3755
1359 9632
9942 6907
1442 7315
45 3904
1045 9991
1497 6851
7216 2742
2810 4120
2300 5364
5147 7585
91 7027
8327 4406
852 922
3251 7140
6012 7671
2795 2382
4499 9689
6354 3958
1126 8866
2995 7269
359 4944
6011 2415
86 7272
3588 8808
5251 6003
7429 423
8772 2253
8028 9860
1567 8282
7432 7582
4394 3185
6435 713
5890 1229
119 796
2134 5951
6234 9002
1974 2801
5976 1646
8213 8285
1877 3355
7204 2085
4844 5761
9557 8012
7319 1800
9384 4069
9590 3095
8120 7267
2150 826
576 878
1691 9546
6385 8421
8716 5682
3849 7407
4105 8437
2823 5688
9777 322
4232 9101
1460 5163
9200 5091
1031 5463
6491 7397
3419 5
1146 5571
5849 5807
7139 4860
4901 3477
5418 9601
3639 4153
8060 3996
5067 8410
1064 5062
2863 9264
6641 608
879 8118
6022 2297
7107 7391
285 4584
8926 8913
7548 4662
5523 5182
1163 3140
9849 8584
5101 6777
4042 9938
4935 9068
7223 5311
7169 4065
202 7241
896 202
4556 2852
1959 8765
7453 5245
3970 672
5913 3385
5776 7466
3928 3549
8946 3764
6335 4949
2250 2046
6839 8221
1076 2092
9564 8760
6685 6643
8853 9729
2389 2031
4309 6148
438 2407
4021 475
7598 5554
7519 4513
4417 2979
6968 8591
8374 9023
1188 9017
514 6975
8696 2422
7312 8595
5393 1471
1446 443
6210 4484
8033 9374
3081 6945
966 8151
4129 3251
7496 2701
3553 9257
3929 4108
6883 853
7664 1241
5608 8008
712 736
1848 3987
9384 137
4676 1430
8941 4831
7907 1327
5487 609
7563 1719
7517 7140
6461 4427
9637 5649
4719 9579
32 7566
9978 3339
8421 6644
2261 8381
7931 1341
1920 783
7190 4048
1629 2052
1534 1807
8043 855
2745 79
7629 137
6272 4654
7883 8683
9117 5972
7184 5713
6068 4302
4959 8389
45 1378
5372 8795
6234 4213
1113 7877
1571 4073
2848 2800
5043 7328
715 4006
212 3033
5856 3849
678 6595
1571 1452
567 541
6579 2119
3926 2874
5203 5105
4972 6710
9142 5131
2555 5976
3172 2478
9572 2265
9439 2580
3111 5332
9078 5156
1992 3111
151 3642
8493 8480
9185 5714
2058 2717
3289 1933
2045 565
9179 7132
1264 2714
2128 2256
9748 6113
8789 3819
2821 7066
3566 1135
3074 8763
7342 4050
3530 1818
6159 7265
8325 2123
6427 1757
3733 8175
4000 469
6824 6525
3547 5982
3939 3471
407 1605
4413 8404
7 3173
7557 4243
4173 7192
9722 8923
5433 1200
1925 2635
6526 5571
7134 8801
3031 6024
6184 5101
2710 3067
3319 1478
9973 927
5679 1083
2136 4503
488 8859
8915 5823
4371 9529
582 2085
9604 6504
7712 3792
7944 4492
3074 6906
8174 9873
3326 878
6093 32
2948 7109
4575 6060
9322 6475
1712 2304
26 8129
4540 112
4060 9179
2170 2693
6548 1433
6869 2814
1580 5577
538 4550
5596 466
6617 7212
6848 4754
7511 6369
2672 1532
4869 4827
198 713
2843 439
9592 3986
7016 1863
6972 3081
9336 2224
1038 1602
3123 7053
2090 3963
6498 3247
4831 7893
6729 7868
2693 4446
8237 1578
9132 199
4466 7979
1304 1619
2729 5107
4830 1854
5749 4030
6978 2027
857 2303
8107 5857
1763 6242
4129 9808
2475 4956
7841 3974
2849 8688
6691 9083
2982 6573
8940 5712
5085 6177
1684 1191
2181 7954
3829 2456
6155 2214
6030 3118
8911 2366
6934 6231
3907 4732
4509 8529
6318 4262
6907 4811
1280 8538
7177 6950
7325 6445
6232 1482
2565 6371
4479 3098
1596 4728
7165 3601
1068 643
5911 5338
2900 1898
9020 7033
9541 3074
9475 2094
6824 7201
5576 6492
3977 7371
8510 206
3645 8321
4187 5420
3728 6546
8524 2444
7166 4559
5465 8337
3199 6182
5942 7767
8154 115
9877 728
3274 3330
4907 1861
3196 7265
1840 7659
1062 5089
1375 9978
2988 5255
4205 3840
3124 5509
7424 2003
8844 4373
1690 3003
5894 9623
9482 8012
3229 5571
6065 5348
8907 137
159 4459
7615 4984
9652 6620
5014 9709
5759 7890
5784 6767
3993 5782
9862 7054
42 6377
7928 508
4890 265
4604 3543
5885 5855
8049 7431
1701 1250
7149 276
5861 7356
5523 1476
4135 8098
8740 6352
2971 6736
6384 135
4777 1598
5991 8735
9571 2708
3421 6084
3647 1566
5523 8181
7503 1647
9479 2025
3566 3406
8216 459
3003 6226
6717 9293
6284 41
311 1932
6603 8719
4443 6725
1613 6737
6738 7281
125 7489
2588 9650
6449 6161
2437 8196
102 9828
7125 5545
3707 9792
9015 9212
2726 7239
9716 8213
771 1546
887 6896
6260 1538
304 1058
293 4258
5947 7420
9382 6924
3753 9165
4093 4255
4192 2281
702 5225
137 2663
8326 2012
3596 9335
3093 4205
956 1617
8030 4641
8768 6775
2357 2965
4243 3807
4700 2259
6858 7697
5234 9632
2047 2039
2897 6105
2786 4292
5487 8572
7444 5095
8551 9980
2743 7833
8464 4400
596 2218
8796 8308
8942 5645
9479 614
9563 476
4706 1244
9024 7240
1172 8155
5982 9828
3748 9238
8837 8769
2445 1516
3701 9823
8959 7865
973 1361
6952 224
4089 2226
9945 4030
880 2814
5036 6580
7437 7082
1621 4937
562 9480
808 9804
6241 2027
799 4029
7693 5943
4493 7958
6314 8093
4449 332
4529 683
5455 5568
6713 2247
9186 9306
9073 5338
9949 4525
3722 5873
9102 2321
4803 3399
6417 258
9894 3780
6188 2100
1561 9684
6514 4821
7041 1114
7068 8557
3873 5615
4025 9031
4838 3832
114 2490
8363 2814
9003 5855
900 4576
3799 5234
8259 6105
2467 7557
2354 2064
8791 2421
7884 3327
7977 8957
9689 5230
9968 9726
3579 8707
1455 124
4926 8464
7253 2027
7496 313
944 6395
985 7311
7946 4896
7491 9400
8477 1504
1226 6022
2983 2322
6548 4772
1797 9243
1692 3278
5146 2420
3744 5137
3230 2736
6987 8621
1882 3208
5682 9066
8403 6198
2457 9678
4184 2471
2908 9770
8653 984
3088 5551
6185 2200
1085 2592
7067 3711
6057 9661
2678 2105
6760 8514
7285 6336
317 5304
9951 8116
2465 7907
8951 6759
2075 6170
6668 7674
3065 2938
4470 133
3150 8682
1213 817
6367 9914
8387 4344
1531 3728
6593 5950
8634 1231
4578 3762
9376 9091
209 3990
1508 4876
824 1197
4090 4650
1626 6748
2236 8503
5565 8574
5029 2561
1205 7959
282 5050
8650 1934
348 7337
2937 1567
3638 364
9300 5715
7500 3689
6946 6517
4102 7811
8317 8573
4316 2520
2799 1306
7261 4527
9303 6956
881 297
3582 397
3162 5615
7884 2350
9811 7511
7976 3509
411 9358
8104 4212
4045 4895
6851 3880
489 9009
1725 9690
9345 8994
8821 2639
7883 7469
3314 3693
5006 5792
1770 7040
7362 5371
6938 3977
9163 4325
9311 416
3840 202
7175 1973
1857 8866
6567 5397
5240 9151
9780 7219
2469 9738
5094 1461
1630 7139
6074 9446
2770 5555
7817 9117
1951 9926
420 3665
200 7993
8495 7061
5993 9017
7886 2985
7662 9424
2853 39
1942 8951
2666 1595
6799 8851
4657 4353
1749 1881
3583 3645
6602 5056
8451 4655
8229 2975
868 2692
8250 3612
4982 628
4959 4811
8191 3982
4482 6720
8862 2251
2696 4291
2719 5831
1065 7583
9959 6940
4068 5504
9840 8678
3663 8847
197 7857
8775 7256
2037 449
6433 8445
225 3734
3452 5899
5160 990
5449 5562
5363 347
1580 3842
114 2751
9686 6537
197 5573
15 6179
8492 6167
4630 2721
9722 4920
6707 3347
7530 7409
7337 9657
5876 92
4145 1017
8755 2065
7069 4010
7270 8246
1301 6144
9913 4758
5264 1574
3740 3512
6204 5348
500 5248
7573 6252
5981 3972
624 5280
2954 5567
872 4061
1785 5528
2073 74
6289 7646
2631 329
2580 7754
8137 3603
7055 7531
9198 9504
6575 8436
9848 8031
198 8125
2723 5641
5947 8601
8439 6922
1810 864
8038 451
1838 4153
4164 7646
1407 80
2690 4609
6949 1573
1346 6209
1762 6070
9079 1207
8955 8741
8893 1724
5032 3365
5068 4568
5401 149
889 5242
141 6104
28 7300
4002 7135
9456 9483
1767 6904
7278 8819
9528 4569
3068 6136
6342 1372
9253 9932
3281 7042
1016 5081
4265 5065
579 5782
6123 8645
8241 1419
4132 5420
5633 4347
4548 3201
5824 6612
5266 2525
9323 478
1880 8648
674 2183
5396 1558
6098 6519
3530 539
7311 8351
7854 1586
377 7073
7984 6307
5563 365
9490 6416
2175 6566
8180 920
2567 7495
7509 4672
2969 4798
3748 6284
1202 2257
6545 2786
1512 3786
2560 898
1094 6690
1123 968
2586 9011
1391 4495
2926 5013
6588 3901
3890 2014
4610 8354
5525 6408
402 5480
6579 1150
1456 3065
8744 6812
1954 9107
9338 4913
4854 3592
3771 1806
2850 2912
4371 3103
4262 7747
5475 414
200 6689
6207 1077
9706 1726
2134 9209
5702 59
66 9987
8801 1950
9186 7551
9399 9030
2379 7516
9976 8166
2945 4658
4393 8399
1375 9910
1937 1998
1678 8931
959 1410
9946 5069
5635 7623
4766 6402
1502 5996
859 7238
155 5327
40 2156
7769 7461
1579 2258
2716 9572
7359 8396
694 5104
5452 3137
5585 5367
326 6061
8131 2531
2083 2507
4608 5924
8315 301
5108 1377
6556 197
1559 2640
490 790
6157 5390
8867 9101
321 6061
9364 3494
4462 6646
5113 9843
286 1770
7361 5751
9359 594
6776 6062
4636 7824
3102 2561
5717 5044
1667 8694
5765 5112
6941 2943
5803 8591
1066 3436
2606 2314
9685 7978
5186 7157
4545 8912
1413 7000
7938 8945
9667 1016
4511 6191
6811 687
2201 9101
2720 7920
4459 3106
3219 6232
7937 2715
5981 7184
6028 7049
7301 9810
8284 2584
569 2834
8642 7281
1022 3146
597 3061
5633 2194
2898 3964
5249 1858
1649 4244
6903 8316
6930 6472
9527 8094
5101 953
2258 6770
6126 5824
9741 3866
6783 567
2287 2071
5783 8708
6636 4743
6280 7310
7813 8832
9433 26
1691 6162
8856 4634
5376 9594
5079 6771
7938 5031
1470 1293
5843 9743
3406 1326
2096 5624
5566 7416
6439 3229
2942 2481
1394 1703
130 1457
9156 2520
6526 2606
8398 4552
7407 7813
5802 7517
4937 186
7255 4386
4565 9068
6110 4931
1022 1127
9747 9394
6746 9022
9754 1151
9298 4113
7584 5971
4703 2933
7349 4531
3984 8924
5648 1877
8830 7783
5580 3057
4221 9343
5565 8657
5363 3565
7085 5599
9482 8843
4958 1774
7184 5206
9693 8035
2710 9388
1283 2232
2484 4761
771 4115
4984 6495
2350 2732
6957 1330
7091 6358
4826 8244
8983 3699
1081 1751
8362 8395
3295 1592
4599 2277
6627 5281
1272 2463
6713 3894
5973 5694
867 8507
4887 8301
6580 8787
7263 4936
1342 35
8527 4264
3556 1400
4706 6393
5654 6544
719 476
7611 9815
7468 9213
5104 5414
4522 6541
9728 666
2241 4027
1079 7815
7218 6370
6674 9826
4317 3136
4549 1091
4436 3542
2150 444
6859 5624
8134 8172
6591 308
9261 1509
3147 9328
5731 4005
7216 6746
6950 4465
2252 2875
6757 5263
1068 4773
6418 7979
3524 406
9375 4388
9254 479
8357 422
5422 8495
8406 2130
2735 7416
503 7591
3801 4029
1323 9702
7448 2745
9462 7597
2938 6078
3443 1088
2380 2826
7414 1213
8652 3752
5925 3756
9286 9676
1153 9593
2622 1705
4648 6131
607 6798
4274 1149
7271 9983
5778 6266
1421 2471
4864 8699
7796 8605
2160 4590
6077 1237
5098 2363
8647 5424
7360 7514
5593 2816
2632 447
7434 3372
8361 6089
7393 182
937 2085
4898 534
4156 660
3832 4778
5153 1696
8137 417
4072 2602
2178 7059
2666 4733
770 4574
7612 9587
3514 5811
1420 6524
9 817
3620 8443
6841 9693
6268 8293
3571 2882
2346 1879
5587 5572
8996 4315
9003 2479
4752 2894
7891 3409
980 3204
3247 3098
1067 7791
9911 4588
3658 5432
5787 9942
9155 92
8178 9411
2845 6762
1472 4874
831 8484
9473 1413
9355 4362
833 8786
5083 8165
7127 8843
8788 3972
8931 8867
3031 6149
6735 3259
1655 898
3511 7052
9648 5465
1567 316
6847 2255
4941 9727
861 5833
8089 3719
9292 8546
7977 2276
7943 5925
9795 1085
1800 4304
2052 5367
1479 7044
7186 1339
8206 9192
4181 6327
6370 1247
3232 4186
3694 5736
973 4058
82 3407
263 5174
5792 6763
301 5432
4355 5146
540 5284
700 7492
9199 2780
845 1155
5009 7453
847 1394
2284 8942
835 3606
6406 7407
5397 3144
4661 9765
6735 8864
2142 8092
558 3797
7958 8941
1392 9876
6671 4573
7571 7198
5969 8949
9449 5944
4081 8858
892 8491
7240 6775
4066 7473
4945 3327
7485 3175
5628 9851
6721 4688
6116 3432
1157 7660
2673 7449
6550 4010
7800 1365
95 1774
6183 3298
7680 6564
2486 8055
151 974
619 5421
3291 946
4002 8051
7664 2128
1705 5597
957 1303
5414 8218
3378 4852
8680 2334
280 8062
5339 9383
6612 6342
6100 5899
878 5782
8962 7999
9831 9991
9087 3152
1580 8597
1573 9979
984 2318
2226 799
617 4167
6039 5183
7303 43
2591 7927
5997 8529
5583 776
4754 4922
3098 2857
7567 4002
1490 5667
659 1595
4213 617
5804 1313
272 8344
2664 2559
9573 5609
2536 3905
2460 2303
6199 3068
6693 8976
7943 6013
5297 2002
2967 976
5011 6975
1687 4953
9016 9602
7930 9770
7352 1883
6628 4260
1094 3273
933 585
2101 3462
5531 2756
9119 2839
1805 2964
2933 7321
6135 2081
6494 3238
4401 6268
6385 4765
8024 467
6272 9472
9265 1333
8211 1018
425 9648
4914 2027
8252 1870
7336 5978
2242 4109
7095 8290
1590 7723
8965 4876
5611 9018
3399 8079
4411 9315
7783 9291
5371 495
1158 2931
8336 3504
2336 8651
6248 4609
9517 2934
2202 3526
8065 2512
2261 3124
5526 4621
2898 790
4576 4963
2146 7889
5174 3946
2041 3660
1534 6176
7103 9465
4256 4198
8159 2304
1886 7879
7634 872
520 1011
7857 4083
5002 6711
7249 4629
6165 6484
9547 7374
3197 4417
9215 8853
203 3043
5320 5545
1060 7818
2584 4052
6526 6957
3271 1194
1259 5101
3913 2400
1043 3869
3713 2445
8800 9446
1215 3109
7102 2492
4003 4830
6261 8787
1466 9459
9180 9189
4741 312
6678 2059
2660 5735
449 6363
6251 1636
4113 1506
9715 7453
1181 9914
8072 849
5862 7981
3097 9652
9248 7630
2737 3788
6573 5106
3848 1149
3203 2826
9040 930
4426 3193
3785 1073
8056 3988
8440 8108
1491 6734
1178 309
7592 2541
6985 805
8944 7735
5710 9785
7223 4948
7001 9498
1878 5054
4756 4640
4037 9173
8223 8173
6482 9094
5686 5604
1124 121
2104 4331
7432 9388
6251 347
7581 2339
1413 6899
4994 5104
1877 9615
47 7944
7900 6762
390 8045
7349 1647
500 9396
3719 5697
2496 6146
2215 8056
7358 9964
8915 9076
5005 2302
1872 8539
4575 4327
4603 3350
5000 5308
2830 5604
9075 9327
2992 1780
8608 5379
7912 366
3062 658
8177 1316
6714 6537
313 1104
947 5888
7647 8073
9500 7144
3283 5920
9561 2370
7686 2131
4306 8318
7733 5767
6322 3517
5303 4712
2869 2303
7128 5442
7017 7205
1633 9347
7953 2730
4898 1790
4083 2945
6325 4142
5627 6842
9398 9142
6120 771
7980 4261
7970 5251
8576 6311
8836 4269
2101 3946
7715 1234
3185 2152
5608 5298
6446 1444
1221 6891
636 3895
6710 1398
6277 4591
8993 1551
5193 1516
5656 5167
87 3539
4445 3592
5616 3529
2737 3712
490 8082
8458 1649
5115 3397
3094 7322
2850 7790
1613 3952
9389 9032
8900 7610
2895 2262
3071 541
9647 393
755 6848
9847 2119
7563 4777
6755 1083
7687 1693
287 752
8125 1104
2512 4347
1186 1464
9840 6652
2926 4063
1494 1381
8293 7087
3009 476
6642 8027
6466 5919
9968 1203
5704 6873
7554 7764
9117 6919
394 5910
5671 1170
9334 7632
7560 5195
4241 1686
262 5925
4918 6613
9830 1178
5176 690
3048 4195
8906 337
2063 3848
1567 3548
9835 398
234 140
3602 785
4655 8808
7830 9669
9038 8215
9110 3327
18 6399
1506 9273
6662 860
8074 5935
1641 9040
2710 7037
4823 1301
6258 5379
6011 7748
5625 2084
7739 9263
370 8120
6847 6683
4157 2512
9652 3733
867 5490
8369 9233
8662 8494
5962 9969
1359 5067
9761 2390
9933 7305
4438 9992
4218 4780
1834 9846
3848 2299
9132 881
1298 2737
4301 1037
760 7868
5869 7386
4340 4279
8487 4728
6532 8186
4967 2885
7496 1580
3122 6084
5318 4672
5102 4332
3772 9999
9812 158
5844 1261
8002 6287
2783 7507
8620 388
7861 269
7460 4627
6547 193
2307 213
3385 7323
2404 5813
9174 2885
9462 9100
5247 9847
7414 5311
2480 7004
9593 1300
522 1694
4825 5848
333 8822
8480 8526
1963 9574
6558 9609
6211 8507
8542 1957
761 5416
4590 4826
2348 3134
8541 9957
5418 6710
3783 1214
8210 5017
3877 2981
724 5561
2979 3788
8260 6414
297 5935
2880 6239
6909 9656
9653 4603
2097 9468
2307 6971
4293 9693
8130 4795
6762 2012
3915 1321
2980 8367
5854 1905
73 4332
8297 2707
1689 7642
3963 9048
8485 8182
6608 3312
9026 2955
898 2900
5877 6078
1758 3536
9626 2789
8970 8756
4675 9299
2578 4552
2040 2025
2245 6212
1056 1526
3984 2210
3749 5685
4031 2077
5799 2587
3864 3555
9655 8520
8535 840
3732 902
3339 9744
6958 1250
5591 1017
629 2096
739 3561
456 2568
3414 2509
6587 7535
3647 6499
5624 6935
2816 5487
3986 6644
5975 27
6545 1270
8950 5031
4870 2647
6292 6805
2106 8349
6449 3230
7482 2150
3783 6478
906 3076
5729 1513
2379 9983
1690 7176
755 698
5580 7466
5202 6864
4139 534
6156 9334
8869 449
6475 2103
6279 3364
7204 7607
1786 7132
8462 7109
1879 4875
884 9745
133 7942
7929 3240
5199 8559
8369 8908
7705 9977
9484 7876
2064 1218
2715 1610
6542 2988
6893 6507
7182 4168
8083 4820
2481 352
6594 2010
1508 651
4726 9300
8899 2412
3939 4248
9998 4335
2426 9553
7057 6989
3831 9197
5397 6388
791 6470
8093 7322
3646 4821
5910 261
9293 1274
6692 7800
5627 290
9486 5453
5824 7836
4372 3894
9913 241
8482 7478
5850 652
4056 6412
9838 3892
7469 9826
7638 3418
2487 3333
8495 5750
3765 6559
6410 3223
9374 6868
2236 5768
2092 6171
3030 121
7109 2823
7929 543
4667 2364
7082 7815
3366 5031
7342 9822
4269 952
9124 2794
2697 9044
6536 8261
9076 399
9092 3433
3659 3175
5160 8855
1103 8891
7139 4694
7226 5429
5111 9352
9821 5557
4895 6600
6980 684
8969 2998
7993 3061
4102 3279
4683 5207
6317 8817
3272 5145
7124 8397
7798 9038
7981 4815
4008 1100
8209 200
9471 9124
621 1755
7713 1070
2652 317
9398 4733
8371 520
2611 2838
4994 1080
1736 1891
8310 1322
5881 2330
2786 9432
4673 2631
9784 7372
2808 1301
1789 1051
6288 9636
2508 3202
1784 4664
5429 9396
5501 4687
9370 2485
7303 7739
6395 2165
850 9612
9355 7266
321 2864
6656 1870
6304 3330
6471 7239
4766 6271
3810 8371
8417 2607
6710 4171
7903 9049
3289 7176
966 9873
7346 6365
7302 5507
5360 5964
3846 4625
6326 9572
2503 6348
5764 9978
385 2580
5614 5039
7827 3781
7532 7772
7145 2567
3890 4727
4215 2022
5944 3301
4490 631
2598 2572
5654 9627
8706 1827
881 8577
69 9825
5719 4497
8879 5777
6408 709
7408 8274
4575 9314
2362 7501
2885 9072
9412 6221
1795 6791
9502 6019
1034 1671
2056 259
2510 9353
110 2920
9942 2307
4688 288
9427 5083
3513 8631
2325 3168
6373 206
1910 5338
2309 9437
2110 2206
4933 8250
2056 7776
7507 8807
2737 9199
3847 9890
7012 9070
2666 216
1390 6951
7139 9865
516 3727
1955 6185
1393 1097
9183 8794
8191 1530
5798 8451
5375 4556
5594 6857
3021 5036
1941 8687
5752 5223
1106 4380
7609 6692
960 4856
5316 4127
7156 5913
9153 7831
7371 1861
7632 2587
9014 1936
200 981
3228 559
446 2561
8441 9712
1033 6998
8040 3211
894 5783
6517 7272
2434 4456
777 2659
9069 905
2346 7261
8080 722
1233 6712
4440 8125
9830 3009
5204 5857
9181 3768
5561 2803
3837 1307
1210 1824
1363 2641
13 8703
5453 2616
4447 799
2001 1193
3913 1262
6365 725
4370 6887
8240 2813
4815 6398
3219 1464
6984 2868
6959 7698
8318 2067
7147 2980
3710 9216
4974 4892
6757 8232
9393 3848
2380 3894
8152 6469
5584 5589
2354 6475
7553 839
4035 5105
6528 4088
6990 7513
9356 7327
8334 9566
8079 6947
9877 8657
3302 4793
3561 6437
9362 1146
4045 597
6092 7379
997 3040
5220 5932
8936 5886
5488 2182
1341 3073
4549 39
9936 3224
1049 1493
7297 91
9083 4657
5424 101
5343 5426
8277 1762
7121 7381
5089 6219
3662 5589
7115 3037
1907 9991
270 1972
1579 6059
1604 7027
487 9518
7072 9913
325 3535
8553 3651
3420 3154
8504 378
9985 9712
1691 5065
7173 2126
7067 2894
4747 361
4825 818
5878 7318
4544 8371
381 940
6494 1828
5672 8331
4388 5180
8858 696
3790 7908
1220 5601
5434 2681
8697 4550
7970 2919
5926 1799
3691 455
4004 288
127 5860
2633 5271
5545 8779
4833 6193
3364 6570
2339 8026
2841 6915
7057 3492
7610 2099
5884 2963
2695 1193
4283 4150
1214 9175
8023 1558
3654 923
744 2170
6336 5397
4919 6037
5776 8706
504 9415
2549 616
7993 9295
9062 6436
4318 1261
7767 3374
2373 3212
8834 3615
9710 7835
3206 8227
3943 6628
4686 9134
5784 5678
8724 8610
2783 2647
2381 8085
8287 8559
8234 6437
1262 8282
1019 8462
9589 3781
5185 6414
6367 6801
8438 4953
4913 4122
8650 7534
6460 9378
2484 5325
6650 2113
1665 3414
1989 8414
972 9394
3806 1585
747 9534
401 6207
5238 6934
1511 536
8692 966
1634 4049
724 7513
6904 4942
4220 2149
2448 2130
4374 4179
6987 4392
9702 6168
167 8753
5351 1157
9497 4380
5968 3933
2437 5344
8862 45
8566 1207
9741 2413
8844 4670
1686 4602
5472 3267
3325 2862
792 8905
9477 8981
3118 2165
7744 4207
3596 3903
6062 5474
222 5642
6793 7465
2907 7638
8899 921
6720 1147
5053 3441
3721 8508
9366 5903
6097 9436
6672 2213
2140 2397
2103 1632
9651 5456
4158 8160
142 7233
8877 2619
1925 7585
413 7118
7763 1431
9876 4061
9359 4881
8019 6022
3273 7391
4393 5195
133 5649
7004 8571
5354 140
6213 8142
6725 9718
3119 7674
47 8926
9539 5342
6567 3875
4305 8483
4734 3873
7396 4614
4082 5314
1386 8816
7712 6810
6124 8893
3769 2096
1514 6959
7976 2503
1759 1092
9652 2482
1748 6104
3309 1318
6467 3903
1185 2963
7141 7523
5005 2869
8261 983
1122 6712
5941 5282
9761 9722
7495 1921
236 7480
7957 663
3843 897
7028 7713
3645 705
9797 3776
9813 2968
5266 2359
1699 7510
4896 4035
1408 2007
1452 9428
7903 8852
6962 63
7393 2079
5270 7891
8106 718
4115 9535
1741 6145
6402 284
5665 4166
2993 2692
5690 5368
5482 5650
3452 3234
1865 99
2598 9954
4745 4306
3361 306
2149 1635
1416 9449
3595 1028
2649 3204
3275 1891
1060 2406
7806 3521
2206 7281
2917 2394
7404 5574
5846 8492
5258 1110
2645 578
659 974
3032 8552
5496 1907
3722 2140
3604 4103
6155 1721
774 7029
2503 3439
3500 8111
2728 3517
6950 7401
25 539
5420 4086
2580 3772
286 9305
3562 6022
3268 7206
1955 6371
7698 7626
9957 8473
1498 3566
6789 9817
7139 5915
1737 1407
4301 2240
5627 2201
2475 6816
1576 1636
3134 8342
1636 796
9007 3121
4738 6829
2652 4692
4416 3616
7713 2021
2402 7592
2322 4924
1736 6299
5427 8591
1752 2351
2915 4770
4576 7820
6855 2606
2489 5458
3513 7374
3340 7547
2733 4215
2805 4602
5878 8211
5151 3823
1895 1020
9548 4618
377 5490
1607 6514
2885 8695
2547 9838
5824 1119
2336 1551
3020 7873
3270 8023
2502 4926
2480 5914
4297 7978
7805 4880
3741 6263
3870 5178
2535 7538
8026 2715
6951 3911
2695 9195
6187 542
4049 5090
806 6334
8391 1408
2044 3862
922 5200
2545 9067
2067 7708
1786 9587
2615 4402
4849 870
8736 7823
9598 4937
9341 7703
3850 9467
8230 6580
7161 2495
4062 1259
4476 3465
7317 9370
4217 5414
5898 6231
1047 3596
2868 6589
2579 3317
3846 699
8234 2875
3544 3739
7156 3963
9816 7126
9062 3854
9252 5639
9407 7657
4265 8640
5077 145
3702 4713
6479 4243
1137 5851
9005 3049
5324 9230
4078 2029
4999 6555
7760 5501
1174 6522
7837 5231
1615 6427
5502 3575
3233 6801
7783 8758
8763 8173
3476 5919
3330 9503
2901 5126
7057 6594
3114 7626
4827 2747
6700 5721
7532 1409
6957 3367
7488 7037
8 3269
7620 2371
2069 4594
3949 4136
9454 5983
6910 961
1830 8481
6502 691
8998 9322
5739 6399
2080 3900
7083 1012
9011 2594
901 432
71 7200
7170 1922
8637 7403
4853 3404
6678 7009
396 6731
8373 5685
6186 9116
6461 9075
4867 5189
3801 4930
5592 883
9997 335
3625 3303
5610 85
1881 689
2274 2000
4809 7552
4860 1030
1032 7110
11 8563
7794 1207
2636 5446
8163 527
5599 2529
8393 7151
2682 7772
7838 5816
1124 3311
4801 4440
2677 1126
1297 3665
7682 8154
821 9059
741 7393
5332 4541
9936 2635
3029 1256
7795 2966
3623 48
4884 7035
7443 541
7624 4206
274 4500
533 9560
4757 8668
4371 4391
5433 5789
8832 2603
647 4635
6875 7478
5341 9158
7229 8175
238 7964
6471 3852
3252 2414
6921 1640
9989 7822
3611 298
6017 9058
3416 7160
347 7091
8350 671
9513 1132
7768 9553
2659 8568
6501 7343
4096 6920
5825 6357
7477 6127
9001 1457
5361 5095
8568 6512
4832 23
3803 2295
903 1655
894 9592
7019 6875
597 4539
3005 5374
7464 4627
6165 7843
5007 1683
1307 4177
8744 3073
166 3372
8810 8114
4562 853
2997 7900
2208 5647
3852 9252
9397 3033
5672 3249
8876 152
4874 1748
6704 507
6520 5723
2732 6525
3069 3890
9390 4188
2252 92
8110 6847
3134 711
6140 5613
8385 805
6910 8261
3813 8284
6981 9125
8757 6384
1690 3480
9330 7278
598 4078
2182 4091
7254 5301
4316 2475
8662 6054
3471 7554
8474 2523
6568 4067
4380 7804
7137 6958
3260 7909
4416 2571
472 7943
340 8450
5917 296
4942 7309
931 4413
3255 6377
4814 9021
1062 1350
3413 4495
5223 657
4808 3580
4986 5002
1361 1585
9551 6939
7571 3759
9283 1794
4131 2022
6620 2417
5329 6322
7615 1465
1816 7207
1749 1636
4780 3395
7619 555
5945 4713
6956 3572
1888 6145
339 6260
2787 8333
2492 4328
5152 7882
7806 4303
3596 5443
2209 6815
436 4462
5629 8512
9162 7788
7418 7395
4185 5327
1716 4891
4334 7724
1108 376
417 4776
6155 1354
4453 4266
6954 8537
5554 5474
1989 603
4265 1577
7563 3706
5153 7831
506 7646
699 8893
2902 3315
5067 8306
4965 8201
9959 9824
5443 1889
2505 2938
6556 1395
5561 3668
1951 6759
8436 5606
9880 2660
665 7778
5586 6510
9930 6542
6710 117
1255 9886
5250 2640
9916 8587
4850 5705
5583 930
3716 283
2592 7938
7500 9038
3229 7268
5927 7486
9991 8577
1312 3221
6626 74
6718 9535
7662 2836
8725 8122
5986 1677
738 7634
2132 5598
5651 8755
128 9419
3435 6256
2879 231
6841 5588
9449 6776
212 9136
2277 2033
9607 4888
6239 286
9181 1009
7225 2581
4374 9704
8812 30
8728 4977
4809 3822
1751 5598
4071 3704
7937 718
7381 990
9824 2113
3384 764
5280 4355
4927 7919
1983 2133
5745 56
6104 4959
7251 4019
5640 8825
6675 9041
6313 3824
1415 4819
7059 8014
8153 2077
4179 4590
4321 8887
3793 5132
2716 9201
6806 3947
3971 246
2525 4362
8009 7260
5718 5341
2943 459
7520 6839
4889 1973
9931 3714
5669 5586
6525 5799
6888 3710
4397 6724
8883 5221
8629 32
6839 5077
9627 2030
6833 3705
9251 4567
1592 9005
7445 3953
9068 1271
1770 6222
4745 454
940 9538
3727 817
3980 6196
7314 7496
9546 2918
4999 2902
6198 5274
3286 966
8420 1847
3906 599
3090 2161
6910 6355
9612 7160
9604 1797
8103 9539
8061 5999
274 449
4240 3209
3223 2480
2820 6551
4570 9218
8217 2937
9753 3671
9477 3823
132 2348
9829 7582
3684 7758
8093 7846
1746 6910
3241 3484
655 9315
901 2469
3406 4584
5392 2461
9917 5609
7108 2856
273 9848
4958 5025
4318 9869
6074 7700
2450 7301
6370 5399
8690 7399
3399 5993
5102 9258
5556 5854
9715 8461
7800 1956
9743 6026
263 6343
378 1711
3469 9717
9125 6552
3808 8443
8080 8101
1847 2474
2005 7158
1637 6192
737 9546
2911 8375
992 3152
4659 2834
6745 3668
5713 2599
5217 6425
6315 7206
4130 8696
8500 5843
9242 1129
2774 7296
4238 9142
442 6963
176 3435
9950 9137
476 5507
5119 5101
8932 9564
4411 4897
3544 5048
8780 6706
9927 8951
5255 5089
3256 7559
2532 7343
3744 2094
5539 5124
5061 7479
5634 7160
1980 8132
6236 9555
3030 4117
8328 1529
4324 8659
7243 4210
8905 6089
6464 2381
513 4743
3187 418
2595 438
3463 4842
7254 6783
1468 6410
6861 7591
9156 5275
6568 5671
7506 6012
3642 2588
7648 604
731 7006
1908 7034
6053 7452
5976 8031
8241 7105
8551 6244
973 4075
4265 8795
5570 1683
4911 2668
5765 124
3802 1157
2816 2003
5644 8430
2409 8003
3585 5546
9802 5853
156 6166
9886 6450
6405 7048
5564 7321
8731 2797
8696 2482
7370 4015
6514 8682
7533 5551
27 6640
8086 2560
8530 1745
9816 7847
2047 5675
8556 5191
6668 7522
7765 2141
3231 7877
1087 6998
6277 3242
2249 7957
2517 9623
4553 1931
1685 2554
9836 3904
1922 2799
8213 2104
2134 826
1739 8368
4810 9599
5003 431
4267 5419
6168 8549
6176 9327
9981 7176
8574 2267
6519 9838
1326 1529
9819 2181
161 6460
225 4067
5818 3526
388 581
5018 5027
5015 7699
6366 9013
34 3543
6939 5976
6553 7289
1197 6508
327 7292
2859 4658
6470 4810
5529 5652
6588 4059
9918 8127
4123 7631
8342 829
5101 5269
1177 6022
9877 3665
4798 6561
2271 766
7065 7610
1753 8072
9243 7919
3867 8481
3780 6484
3965 2729
8042 6225
3071 6872
9737 7928
8054 1203
9976 2510
2402 403
8890 8454
9031 5526
9479 2739
6162 6109
7767 5763
6851 2246
3651 1003
2560 9630
3608 7475
2343 6054
6871 6215
4571 2757
8356 9380
3116 732
9044 9738
8692 6910
7493 4604
7593 430
6164 865
591 3425
1867 8458
4106 9440
2250 8161
5915 5887
5504 4788
253 1600
8978 7708
3845 7788
3174 1454
6589 9507
7390 4518
5419 7275
3125 8049
4522 3669
6359 4362
6287 3836
3704 4171
4318 4081
428 8626
8077 3739
9777 5895
2102 2249
1909 1907
9180 7680
9141 2665
7687 3118
5186 2699
7909 6776
7439 8972
976 8282
386 5064
5683 5101
759 927
581 9859
6994 1336
5011 2325
6112 223
7554 8245
2317 9123
1486 7312
7719 6334
9397 7598
4652 7802
839 1608
8146 8752
985 2651
3567 5213
8833 9984
8225 4837
9156 8979
13 6628
1886 208
5216 4010
5252 8764
5589 8442
7468 3722
1298 3311
2836 1399
2322 2931
153 8444
9326 1082
5752 577
4160 2671
651 3762
1453 6277
2505 9409
2715 1680
1514 61
6709 9868
8708 6697
2195 1692
4615 9029
4745 3898
9379 4524
7745 3522
6008 8289
7945 250
9199 4404
2608 1092
2419 5006
1530 418
3198 1477
9023 5490
8622 8149
5481 7003
7780 9427
7336 9666
7297 2284
3215 7888
735 8034
1517 2470
9255 6581
1532 116
5323 4007
9831 4056
2610 2023
3630 7736
4615 7606
242 5519
7420 1821
9898 9642
4834 5276
3255 2290
450 5342
5935 8132
4783 9637
5914 8762
2845 3711
5297 3008
3983 8718
5881 1069
5983 4349
1173 3042
323 8768
3845 1148
3148 1330
5208 505
3547 1865
3411 6787
6419 6607
3736 2513
9197 8501
8438 1580
449 6497
1362 7001
1025 9413
5809 4452
7607 6737
5892 8599
8889 4567
1595 137
9761 7598
9529 6407
1638 6873
9047 5680
1937 470
6525 3841
509 4081
3729 3244
7708 6584
9704 2400
9060 5027
7722 4444
4930 466
5372 5045
3194 7809
174 4979
8965 2366
4878 7343
1470 9424
4046 6246
2704 5774
9006 296
597 2305
6187 3208
2610 1014
3542 7502
9494 2474
271 4122
2724 5323
5690 9270
8102 1218
9461 925
3865 8543
1618 1130
5714 6473
4892 2136
6573 2669
5013 3211
5357 4627
6451 1398
5652 2383
3366 8758
7931 797
6809 8665
1608 9697
782 5295
5700 2515
8483 5013
587 1515
8879 5272
9967 8348
4351 564
3692 1819
9266 8546
1543 4697
3431 8710
5082 9280
6998 5361
8967 3578
4931 6087
9099 7913
9893 8748
5206 3185
5730 7560
1171 2922
3840 2160
1796 1970
9512 9050
1531 4359
43 570
6991 3676
6103 3756
5621 3865
4932 2127
4292 6855
6467 9983
7801 1044
5106 7543
6797 7942
1438 5247
9354 8265
6892 8642
9604 812
8671 6806
7552 3468
7634 2452
7955 2791
4718 7981
4580 688
1054 8578
2101 469
8866 9301
5979 7376
2685 9174
3368 2122
1447 7094
227 3465
4014 8936
4249 3554
9630 4235
6275 8071
8416 6366
8886 1087
2644 8078
9503 9148
5994 4837
123 3505
9102 9218
3568 9609
6137 8919
2661 4797
2447 9349
6134 1481
8257 2562
8844 3773
3459 5690
989 6684
1755 2035
215 8376
3370 1415
4128 3908
1694 7247
8888 2343
5295 2433
2827 9077
9220 837
428 1812
3014 5328
1033 8611
2613 4257
5960 1556
1935 6385
1004 5132
8193 1633
89 5726
3396 5724
1667 8001
5904 7809
6125 585
710 9062
6722 2250
726 3602
881 6226
2714 3227
962 1008
9560 7825
4776 3002
4511 1579
6613 1911
2316 7422
9986 8210
5808 8947
2473 2738
2494 5826
2789 9848
2703 1241
9301 8550
8999 2743
4989 4429
4054 9298
4172 8758
2532 300
4407 1821
9765 1849
857 8807
1802 5130
4279 6625
2418 3560
2104 651
70 5960
3750 1201
190 3310
9355 596
5395 6735
4056 5659
6505 620
871 2842
428 4984
7704 7650
7356 8753
3756 7886
1549 3362
2735 9671
1893 3410
4666 7811
9392 7026
1299 4009
7799 5239
2351 228
8395 1779
2799 5638
2179 8763
2020 8305
3244 6981
358 5658
7304 4025
4159 6886
7553 9181
7996 6091
9584 7216
4741 445
3032 4315
1193 5278
8975 6197
8055 5410
668 4232
1836 3495
9667 293
611 9728
51 6944
9173 3468
9220 9871
4500 9001
707 716
3257 2605
5793 2558
1547 5471
8581 8379
4185 4659
8493 5973
6386 153
1769 248
7665 1514
878 2808
8001 2792
9588 2187
7808 5752
5210 8181
4997 4016
2850 7670
5541 762
5866 7068
9822 6862
9235 1591
4375 202
5093 2119
1096 7448
5687 2367
7111 2084
376 7703
3916 7717
5198 9058
6006 3102
6532 5765
3534 3439
2514 9626
1784 7595
9381 4887
1412 1682
9277 4048
2074 40
7644 2342
5928 7877
4083 2935
3684 135
730 9819
9754 5396
3125 1996
1745 6594
8370 1880
7443 4518
9295 7032
9461 1358
7125 9851
3104 2082
8500 8248
4003 4369
3803 6353
5603 9371
8743 8633
1368 3315
6117 6271
4283 7410
5577 851
6713 9223
4534 4246
4078 3848
7112 5170
5185 7299
3579 4619
7712 7201
3192 1539
5438 2764
5026 251
4434 6422
27 1568
1743 8438
9152 5431
8589 8508
7742 5648
9271 9864
2620 3669
986 8049
5993 7193
1852 7123
2864 1647
3425 5738
4253 5221
3565 9651
6345 812
2857 6920
8948 4432
8714 217
5882 6932
9293 2402
2662 2172
8847 4013
708 4880
3103 3836
4411 6904
5808 5420
5604 5073
5504 2537
9689 6509
7539 8058
662 6029
4920 3015
2609 3381
690 2481
7225 2460
2812 4183
6393 6850
4385 7319
9276 7959
5703 7491
616 1664
1261 5115
9062 7249
9948 8569
484 1468
745 8726
5920 8947
7974 1964
4524 4232
9961 9574
2705 6741
9405 7271
2303 2591
7312 2274
583 5146
1697 4638
9406 4409
6878 3384
4549 8421
9035 7701
1340 3174
979 740
8133 965
5928 8042
8931 8741
8397 2894
104 4136
9792 258
6812 8710
2517 4977
5075 9580
772 138
3945 9607
8599 8190
9187 4622
1122 6310
5667 6887
8517 2317
5318 4102
9822 2517
3989 147
8113 6821
9365 4255
1232 5475
8425 1259
1402 3710
9827 924
5685 280
7246 6545
9421 4309
6889 9989
1524 1031
2247 557
9671 7567
7567 5969
9498 9201
6376 8377
4079 1588
9382 5797
5347 2449
8936 5374
9370 2842
3258 3572
4797 3517
1762 7741
2045 5905
4064 3070
825 3239
271 9459
6712 2818
4750 9665
2717 2832
7668 4340
1567 2677
3905 5018
9454 9957
2883 3244
7285 7942
9715 8627
774 9722
3508 4429
6144 7287
8659 249
5384 2088
6246 132
3897 4481
6175 9709
2758 7706
3706 2360
405 3002
5695 4105
1829 4648
4688 3707
2537 9135
700 7576
4255 7040
1770 1832
2414 1999
4075 4018
2601 8885
3844 5722
1883 7033
1381 2947
3043 7961
7688 2209
930 4416
4255 2052
4998 2496
140 7924
2437 2086
1473 1668
7938 7563
401 2685
4393 9569
5961 3165
8166 6653
7365 4588
4364 9128
5774 4735
4902 5806
6478 2203
7781 1357
9358 2719
1496 9151
2492 9492
7681 9557
9578 1435
1259 6284
6144 4000
6018 3541
5783 4853
5441 3496
8324 9004
8680 4831
4838 2130
8322 3567
7598 4322
8587 3820
1330 2781
1558 1696
7606 8973
8549 5592
9916 8355
3464 1409
8738 1547
9313 7596
7547 4189
9889 8302
6996 9362
9676 6602
8612 3518
6952 2991
1813 141
6619 3611
3160 3795
7196 5738
8997 2891
4181 6858
4415 8955
130 4666
3871 2671
390 993
9309 6034
132 5637
9842 3724
9856 183
6460 592
125 67
4948 2446
5360 6191
7827 9882
2368 5137
3034 8506
8489 7532
4467 671
8953 9635
8209 9032
9026 9381
8073 8004
2299 9382
2063 4392
7834 2941
2508 4256
4504 9935
1120 4376
1590 9829
6923 9703
331 4028
6242 1764
7576 5385
3132 4184
3638 841
699 5090
6527 534
3669 3574
2637 3358
4133 808
5701 1294
1913 3596
1161 3804
5360 1287
3241 2100
1075 2336
3973 4475
5253 468
3374 5669
4816 6466
9375 1223
8330 1341
647 7448
4725 6924
1477 5792
7890 5144
5777 6451
4098 5484
9796 4593
3622 1261
3106 2406
2051 6370
7472 6735
2525 5197
82 948
2656 444
9712 7757
4656 4700
7789 7423
5598 8589
1283 6321
5850 2405
5156 2326
3653 8588
9176 9243
5755 1332
1118 8376
6980 5397
2829 6607
1486 7644
6796 192
2906 4787
9128 2007
2275 6573
4967 9163
7983 4496
5611 4290
3137 4133
9029 6913
3705 1060
3058 8189
8672 8852
9314 6686
3085 526
9076 1292
5508 8068
1732 5694
2224 9225
9679 7785
8309 257
8927 3283
7633 1194
860 3248
5345 6218
73 6897
64 476
2963 2630
1590 6697
1930 4224
7614 6790
114 3628
5349 3803
6135 9165
491 8130
6211 3828
5450 3952
9898 1434
5640 7676
5541 3138
1173 8351
3471 1084
3517 8027
4150 194
7538 4024
2901 493
4509 1617
7712 1996
1972 4517
1543 6020
9259 5453
9527 2876
6143 9379
5083 7945
7339 4439
7657 5104
8351 5755
507 2843
1254 5028
5358 7887
6102 5832
9505 1198
9244 9726
5142 1642
2082 6230
8230 9831
2344 9417
1432 5645
4028 535
7974 5436
2139 9011
9100 4614
5902 7278
615 8918
9850 1862
2038 8641
4021 9234
7412 6698
5853 2318
8140 2434
3200 2057
9793 9567
2282 3838
7482 2090
6385 5904
3555 3530
9138 4034
9250 9280
6104 2861
3515 2717
9977 8197
1592 1635
4047 6562
9280 8937
586 3169
1528 7959
1557 1763
1955 6158
388 3141
9904 783
3019 9971
306 9728
2386 5313
4337 4142
3378 616
2386 4733
5132 274
2736 4317
8359 5552
5056 4703
5306 5411
8973 562
8983 4895
930 8231
6844 9562
6011 8766
3763 5053
3609 1100
3207 8234
342 7452
9524 9394
3580 1062
2895 3207
6408 6508
6306 9455
4010 4823
7396 9423
1662 2453
9862 4861
1555 5880
9051 4787
3494 7067
1695 4472
7764 3080
4153 7649
1073 8319
4525 8393
1962 7589
414 5320
9692 5545
3414 6856
3859 5981
6524 2300
5884 2467
8939 9169
3053 7819
4957 6497
2212 1611
9533 3920
9994 9611
8511 3703
5015 8606
3310 8488
4090 2776
2440 8001
2766 3484
6395 8028
6891 3598
8889 4619
9144 6534
1507 8955
496 2487
9597 8942
4196 7543
1627 6457
2118 9134
8667 7460
5158 3559
2170 9572
2 4358
2471 8568
7463 4806
594 7498
5181 7083
5425 9911
5899 3615
6779 3935
1951 7029
3253 5115
933 20
8315 8794
8445 3243
4097 7911
468 2968
2877 3744
1953 3794
3229 346
1318 8662
6938 1357
5281 7068
7517 1928
5960 6250
1880 4044
5574 952
416 3558
1494 2597
3483 3824
2917 840
301 9208
3775 5338
8742 8582
7806 200
5059 8845
9194 9099
9816 6073
7916 8686
2519 8661
1986 353
1230 4780
5225 7693
8028 9622
1942 7480
4660 7570
2226 4353
1494 9113
4421 1747
8623 6238
5879 7625
369 883
5905 709
5591 5316
864 6423
5574 2686
4046 8707
1913 296
1677 4437
574 2778
232 109
9849 6981
3887 9869
2756 8607
7787 672
7913 2182
3252 6135
7196 1752
9102 698
4252 7751
4640 8745
9912 855
9997 4364
7852 7811
7886 6930
3749 9713
456 6903
8583 7500
4044 5434
581 5476
7354 2442
1770 5770
7355 2613
3082 6718
110 5894
17 8314
4484 5139
1478 804
2180 6264
2450 2660
792 6780
5084 1100
1058 7676
9476 8478
244 6958
7092 8911
7528 2106
8792 4468
5399 8965
6993 6658
424 5703
4222 7867
2597 7679
8022 2872
7703 246
8812 7103
7153 6726
7726 9341
9302 1362
5282 8308
3471 641
5007 7063
5096 1963
9210 7243
6896 281
5788 4996
3281 3051
6009 3554
6500 5594
3892 1713
4835 4934
6559 7834
9583 5720
2327 908
9674 4360
793 3848
8755 2250
6741 6734
9850 7526
8365 2542
1169 60
4534 8450
314 9223
7114 9940
1639 6889
1615 8649
2402 252
12 5345
4247 1745
9086 6500
5872 9044
3708 15
5568 2082
6517 5149
7826 9061
744 2024
4509 1493
2471 9493
4168 9897
490 235
7425 8393
2936 8645
3000 1893
4521 8366
9284 8542
6234 1159
4044 5946
2114 2974
362 7592
384 9984
2529 9444
991 7458
7902 7041
443 6873
6539 6310
8329 5091
2583 1847
4000 7801
3687 2001
7841 62
7252 3804
5947 476
9065 9336
7545 8407
2363 5703
6680 819
7333 9434
4787 1126
4715 4947
347 3900
9603 2388
3136 7377
4692 2370
2894 8543
362 225
3957 7731
5025 4129
3037 3161
3215 7095
4670 8306
885 9300
7391 5967
3094 9835
8979 3523
7654 1382
5824 1170
3721 6632
1405 4229
2670 8306
7554 8999
6175 8588
9365 988
6022 6091
1288 5871
3574 4177
4306 5638
355 6524
1730 6805
4238 5355
4646 6127
7272 7887
596 3081
2293 848
2404 9257
3667 3187
9439 1951
6253 880
1984 2030
3563 820
2372 7803
4557 2941
5129 721
4243 4109
8861 2534
85 6577
7250 2749
7892 6092
4890 1619
5836 29
3949 2399
6353 580
2611 4840
4327 2486
1074 6338
2581 6588
9149 6037
9243 8591
6701 27
1384 9957
6560 266
9200 452
3289 4797
2161 3624
552 6052
7792 8982
1576 8670
6513 9270
9381 2866
7545 9917
6752 3828
7055 9743
449 3695
2900 5202
4412 1375
9653 5656
3316 5566
5386 8389
3512 3609
1438 4277
2490 5588
3571 8323
7012 1762
7638 9440
478 2082
361 2213
5396 5992
3983 5185
9141 1105
374 4038
6194 3258
7413 3637
9515 7182
4944 5532
6724 9725
9373 1403
5103 8779
1512 5204
6491 4558
3871 6624
4218 222
5448 7168
904 8558
499 1476
3402 2412
9643 6396
4340 5408
6276 9032
4253 4773
4240 6763
7001 5151
5802 9329
2286 6693
7324 6853
5454 4153
2243 26
3286 5426
4800 4310
7112 8307
9036 4633
163 824
6266 9065
3576 557
4951 7145
5123 4389
3035 8696
3844 9406
4801 417
2120 7393
4385 1888
9224 2572
2594 5157
6712 6461
4682 2878
8932 5840
5889 5755
3499 1813
4787 1103
1291 2075
7824 4649
750 6206
534 8453
4446 8684
4785 1175
6997 7797
7588 188
1090 9616
2713 7683
463 2458
6945 2
6756 4088
4913 7325
7394 8325
9554 5219
5080 8087
6421 1443
3163 2342
4819 7968
7049 870
6275 7622
237 8993
4647 630
7073 9489
8188 7774
6982 2687
6980 6157
3478 2217
8696 1105
5935 436
738 9796
768 3748
7457 6109
2681 4909
2794 2799
9924 7101
384 892
1093 4965
8984 9938
2086 7519
9570 3634
9772 4248
9649 5287
1813 3767
7609 4572
824 4093
3304 7705
646 6308
7520 3647
6936 702
8096 4262
1859 2641
6397 8782
1804 6373
9645 4773
6740 6387
6785 6861
2688 5352
5851 9997
7526 9385
1355 6262
6898 7033
572 4481
9458 7793
4285 528
4115 1859
7583 4198
3791 7620
8428 2549
5568 1896
6813 1454
4860 8647
9908 3898
973 8491
9622 1086
3224 8202
9091 5792
3549 6898
2979 1902
4704 7071
2629 7411
1300 2636
5014 8420
7050 3568
1114 7776
4503 3883
2674 1565
5694 7129
5907 5228
3214 1925
5959 6281
2567 2056
752 7612
2691 55
175 5371
3200 260
9744 5776
5682 4668
4043 6748
9019 3560
7888 5419
8872 2541
1800 5664
162 9586
9605 9687
9289 2144
2163 9353
9761 6173
5311 2739
5655 3026
4197 4239
1633 3834
6364 8292
5232 7685
465 706
7456 5002
2778 9656
1636 1925
5248 7172
1604 1021
8965 8487
3338 1383
2559 942
223 5029
5319 5730
3765 6335
5562 3285
6070 7982
2759 6415
5143 9146
4111 3790
5259 4486
1621 5429
6705 6330
1575 5718
1131 789
2568 8964
9371 3030
4290 1017
7159 3580
7083 35
4822 7672
4344 1620
3093 2075
7957 6963
9722 7964
1372 5538
2721 5620
1823 8867
5402 8038
8250 9951
5821 8841
5996 6978
2028 8498
1627 5004
2050 285
6239 1910
6099 5964
8837 1498
529 2030
1593 4925
9556 4997
7149 4267
7881 6303
1642 1461
6834 6960
5275 2068
9679 4199
281 5299
4264 185
7822 4581
6321 8854
4136 847
7107 8377
2269 1863
3669 506
3682 5235
5457 5455
9776 6142
8277 6798
1108 8765
9576 5236
5731 5717
6738 8804
6462 6474
6651 2982
3413 9723
784 9425
5094 17
9566 2036
5161 4506
5760 3577
9801 751
6492 1227
6236 4056
3115 7451
8350 7775
2815 4688
9113 256
1507 593
9227 9027
7003 5930
425 8136
8459 1714
1833 4202
6098 2378
452 3275
335 4978
8942 1710
4918 9605
5819 2493
2254 2397
1203 7348
5617 2921
9636 7648
3547 5950
6653 9088
6099 4690
5197 4484
9136 8789
342 3294
7475 9783
6543 2438
8878 36
1362 9519
6945 4344
5306 7251
8789 1798
582 3854
3000 9325
2534 2211
2081 5173
8856 6676
1998 6525
4095 9460
4048 237
2308 8331
1895 9687
9118 6809
7182 9573
2764 1811
186 9252
3248 1179
7977 5452
3222 3657
527 6121
8732 3552
3680 8113
6443 2744
5360 8578
3137 7983
4265 9921
7522 7218
1596 3774
5611 5604
4357 1800
9612 992
3111 3827
3316 6975
4860 3831
77 6348
7149 6628
5510 2717
3147 2984
4845 2108
2187 9005
7579 9065
1161 7443
7557 5176
3624 5748
9145 4350
1015 4463
655 7371
6958 7569
2374 562
2938 250
6122 1874
3830 5879
8730 7196
9707 7057
2426 8201
6319 2049
887 1755
9689 6075
7780 4345
2651 205
1674 3010
4376 6106
3224 6776
9829 175
1482 7163
3278 1859
7855 3432
9904 3666
5601 2612
6310 8492
7886 7279
3994 1531
6525 5554
9745 4853
3640 9966
8662 5698
5546 466
447 7332
5988 9653
8449 5132
4542 4149
8497 9061
3140 6490
9004 4618
9281 2014
5042 4213
4695 2775
9815 6268
9230 6995
8584 9510
8663 2783
2674 8234
1845 4501
9121 4166
2955 6821
6151 333
8135 1750
5309 961
7793 7893
6335 3988
5940 6591
1527 5500
4597 4691
2239 6067
3022 1769
8410 7059
5485 7960
6331 8356
5272 8920
4992 5369
6454 9088
6794 6564
2812 7999
9684 7255
8283 7774
704 8879
6028 3099
6281 2094
9720 864
1477 8976
7016 6904
1695 3766
2855 9665
3539 6556
8717 8306
2737 1026
7964 1280
8895 8426
354 3463
2499 8630
6398 7255
3670 1827
2870 3507
6838 1273
1122 7856
1808 8611
3246 7358
2965 799
5802 6600
1884 8897
2696 372
3361 5933
914 3857
6435 3344
3303 7209
5804 4068
6923 7706
8807 2665
1811 8406
8698 6192
4974 2431
9873 4426
4554 3979
4455 9749
4259 5630
7138 504
3251 2497
3655 4286
1627 5554
3842 8164
8549 6769
8722 36
5893 4216
7691 1399
2107 2246
6518 5733
2611 2461
8535 8363
3337 3656
8503 7227
5587 9519
9975 5111
8027 9532
9370 1959
5656 9328
6009 5036
3449 4321
7975 4534
6655 4323
1438 8938
8559 2789
7389 3162
2711 7240
4406 2684
9762 9753
3626 6799
5536 5555
5455 8898
2173 5751
6179 7519
7267 6124
1077 1039
5826 6825
3272 146
4987 3683
9580 334
6565 3978
9667 6749
426 311
6755 5178
923 1970
1811 9113
5770 4793
8659 4100
4299 6780
9869 2491
4704 7298
1876 5436
2995 4161
2243 5359
6570 1542
1432 8024
2150 2554
7081 9225
3170 4832
6709 9539
7024 9894
6507 959
7703 9458
9876 9887
9146 1356
9059 6503
5956 8903
1808 7431
5117 3701
1923 3280
338 4088
8194 1600
7479 5735
6573 2764
4706 4252
7694 301
3291 6805
2847 7665
8005 9057
8605 9980
1311 501
1736 838
1940 3976
6186 8257
4469 1984
2768 5251
348 6463
3237 1186
3434 5477
3529 23
8311 4275
7112 9560
6195 9593
1034 391
4530 7356
2391 2275
3093 6850
5000 9265
5863 8040
6350 7345
3282 3903
6514 9842
6717 5671
6611 5416
5513 5708
9225 1290
5946 5276
2643 5026
272 8525
5144 3334
3486 9650
5724 9045
5470 5370
3473 2096
2548 9606
9469 4222
8173 6285
7081 6993
8526 8549
5458 3485
7188 1885
7631 4221
6856 1462
1319 9720
2971 2096
6184 122
2556 3013
4122 140
8999 3280
8164 510
8665 8569
189 7367
8601 9789
7470 6782
1110 1648
7630 545
4505 4391
1856 8782
9817 4235
4928 8012
653 6690
8081 5162
5340 3647
1678 6404
6237 115
3340 2473
7588 636
255 6994
1656 5773
6814 4402
9937 6858
6858 5136
3491 1941
425 4304
6846 6711
3008 7368
3088 686
7884 9561
6554 1761
1612 2515
4453 7645
4986 4300
8483 1394
3225 8060
1544 3201
4440 9091
7704 956
2084 7482
748 4965
7556 7996
7837 2910
7714 9152
1975 4281
3287 9630
4663 1482
6069 5533
673 9840
8527 3377
367 6700
4966 607
2843 3799
3655 552
308 4489
6756 2202
7175 7431
8710 7370
6803 3759
1814 1042
4869 6325
2359 3852
1995 6131
2959 358
5467 2891
7502 623
5757 75
5256 6274
6019 970
7155 6151
1110 483
2811 115
9259 4507
1596 3147
9331 7020
8114 7072
1521 1533
3279 5974
9808 3951
8538 9594
9398 7749
466 716
1619 2030
7890 8840
6077 7207
8908 200
2686 356
615 1293
1350 2013
4249 5378
5437 4880
1077 5133
6652 9679
6806 3597
5230 3150
1564 1847
6616 5477
5410 1774
7178 9351
6116 4399
5110 9729
1978 9637
9416 3053
9262 7573
4995 1221
23 8828
5586 3870
4028 8580
712 185
6148 7212
4228 7082
6947 147
9523 4317
2255 7277
110 3148
8925 1202
3544 2046
4477 9484
2645 6221
278 4630
1998 2643
9317 5540
6453 9394
2724 225
9200 5341
8797 3628
679 9210
6648 9365
1818 466
7908 3644
2656 9746
4214 7482
4783 6655
9006 2989
8059 6696
2879 7616
714 351
5095 4613
1164 8597
9735 1083
9421 4255
7850 5549
7160 5772
4849 6357
9007 696
3651 1953
108 8649
6232 7085
9798 221
603 7731
8799 3416
373 9215
1970 239
7127 3456
6190 8957
560 7686
3855 1586
334 7086
7610 4163
9256 4498
5488 9566
4216 7769
2487 9207
7152 6887
5647 9926
2579 166
425 4593
7285 3295
5230 3830
919 5209
4430 2775
3968 8282
2231 7474
2610 848
4139 890
7667 4549
4826 4729
7826 9511
2953 2837
2419 727
977 7574
4618 5779
3226 6686
4333 2906
1557 991
3326 3315
8011 1362
7927 799
2158 5983
6138 530
4329 5449
4320 709
8712 818
719 691
607 3718
9288 3940
4807 5026
593 6627
5235 3136
8851 1791
9700 8317
7677 1780
3930 8382
6722 6625
8625 7669
7529 3055
4159 6009
5602 3128
550 2366
8934 7651
3492 3994
24 2428
3953 5793
6964 3312
1815 1671
8720 8135
8933 9926
9831 6368
2976 4752
7153 5004
5894 5776
9033 7495
6503 5730
8188 2699
771 1295
3828 5558
7249 6021
3952 4207
9419 4136
7907 7204
4998 2486
5371 1624
9917 7048
380 6546
6283 647
2824 379
5673 2672
1272 5267
9125 5544
8343 1821
3242 7789
6407 4666
7150 7610
6310 2079
4371 628
5892 2766
3097 5415
5249 8321
7957 8493
2932 5903
286 9167
4888 6885
256 3944
3143 5804
1812 587
8894 9350
2382 7027
4967 7706
8544 4604
1876 8768
2932 3884
7533 5257
2326 5681
9074 9124
7133 167
5830 7208
337 6594
3545 2979
7159 9001
8824 1830
9493 569
3801 9371
8163 6580
7327 6066
382 8073
6259 2299
4862 6699
7044 330
4623 4204
1838 2788
8003 4693
5801 3096
7472 568
9576 2537
6091 7090
1870 9310
9484 1112
6257 3821
6337 6810
4957 8967
2515 4912
5843 3058
9794 842
8507 3169
522 3850
1686 5014
2896 149
9780 6732
4157 2851
8759 2104
7131 2325
1539 8093
9951 1603
6314 4538
590 7976
7107 6233
469 1730
2886 9425
3532 2582
9401 7435
5650 2315
9111 6758
5611 2265
9891 1843
8659 6373
4729 4162
7917 2301
2186 9976
3168 1381
357 9442
225 1421
1940 6731
6426 3337
7607 4813
9725 8416
7384 8342
8075 4400
8393 792
3350 9102
1808 6595
9273 5406
4434 5119
7849 5790
9060 2957
3985 1484
3896 5070
1029 3549
5129 9693
6961 4511
843 1766
5292 4648
7238 6586
9767 2066
7430 7135
1967 5150
6058 9044
6451 5177
5274 9713
5023 6478
9554 4262
8131 5710
684 501
1225 1399
6974 8249
3875 1102
8325 3659
2186 9755
7750 6211
4709 5040
1937 6572
4908 9118
2254 236
2645 1665
1339 2323
5734 9545
7462 8776
1670 9307
1473 9400
9401 7159
8186 5132
5275 8410
1003 879
1968 1222
9908 7464
8479 2462
7112 6418
5915 5498
5684 5325
9859 4273
8440 644
4966 6537
9495 8166
4450 9620
586 2393
4067 4868
6116 3816
7641 9572
3987 99
1579 6299
8042 4761
1224 7438
1090 6418
7415 4325
2762 9635
9814 3575
4013 2858
8822 931
4481 3272
8504 4248
2802 6024
2998 1357
3739 5433
4512 7329
7310 416
7654 1913
2401 7488
6219 1415
1851 5020
3339 8830
9627 7870
3089 3782
1258 6671
7016 7962
273 2728
8400 2292
7460 6115
986 9208
2181 466
3857 1991
166 737
8974 1267
1499 2023
4635 1240
7726 1213
7457 4038
814 1550
4878 8316
461 3014
1451 4203
9650 2530
5091 2360
9400 2121
2170 9436
8995 3931
4455 716
8897 2613
2524 488
210 8401
826 776
1801 9476
1088 5356
4369 2661
8607 7027
4628 9936
1050 3660
12 4222
9910 6339
6765 8866
348 3563
5393 9454
2075 8190
1152 6773
8720 6407
8211 8467
4487 4369
4248 1953
6096 623
8621 1615
7740 4280
1040 8609
2298 7243
7340 4099
9709 4236
2708 4402
7031 475
690 837
9121 3127
9725 887
8909 4180
7258 7970
2376 6055
5159 1321
4652 6000
8980 9190
3310 8284
2424 1035
9109 221
6588 427
6290 5067
8207 582
5503 5823
8135 4915
2202 9421
7759 2217
6235 7455
7403 1193
93 9476
4473 1677
953 7593
9643 1863
8583 8410
8203 2998
5691 2496
2234 6921
949 6913
4327 8108
6219 5676
1137 3267
157 3683
1073 62
9630 2541
1541 5712
7419 2863
8638 1980
2728 4559
6115 4569
6103 5625
2145 2909
8041 5915
7646 8542
9912 7831
7648 689
4085 7867
6334 3860
9164 7309
6099 5239
9193 2868
9750 3758
7900 6245
6508 6708
5248 3031
4732 3018
7737 5530
9710 5328
4404 2493
5198 5211
4585 2823
9308 2603
2311 5071
7837 5584
1664 2712
2069 978
7737 5992
9754 1448
1073 4995
4949 71
8495 3526
5078 5556
5286 2144
1818 2544
3245 5671
6662 68
6307 5634
610 5677
8832 1973
3845 3460
6563 5992
2668 6621
1994 9406
4240 7071
3988 3297
4015 4322
5066 4776
8553 3651
7135 406
1869 4847
3352 3720
5725 617
4599 3390
2186 5562
6333 8028
2635 35
7628 5251
3093 1898
9810 4721
1266 4707
1222 7032
5919 2416
7671 9901
76 7026
7755 5472
3096 1560
2517 3085
8198 4963
677 1590
3905 5816
2652 8674
5517 1959
7949 243
4672 502
6543 9769
1392 9674
7146 8491
5235 9163
4877 3774
8754 3466
5112 5257
144 9066
9060 7781
9560 7438
7206 4640
1177 4110
9531 4111
4271 2242
9679 208
5912 8040
3846 9900
4869 3916
2098 9309
5979 3598
4286 6768
1657 3597
7586 3593
9295 1152
7140 8124
4517 9972
453 5649
25 1246
5780 2208
220 5631
6645 6190
5759 8586
5298 1656
1324 966
4850 8957
2807 8592
6247 7622
2232 4128
460 1158
2468 702
368 670
3766 9040
8530 4416
269 2506
7435 9976
8264 2953
8129 5215
2498 9470
9528 3990
9669 3097
8371 3849
478 8799
6546 2531
6474 8001
5231 8723
4696 9303
9771 3291
9658 1955
8824 9288
3014 4923
4614 6731
9084 755
7567 4022
3229 4996
1431 1035
6167 6119
5107 4421
6908 7367
578 7579
4271 1984
3543 2031
8139 1412
112 9943
4871 2989
111 2059
333 3109
3214 8224
5541 3906
4712 9107
3530 5496
569 3564
1300 9251
6968 5143
9834 7975
1828 3671
8630 6228
3015 8793
979 6722
3360 8045
7655 2014
645 7699
9660 8644
9883 1808
5867 1962
4840 7306
5529 3100
9378 9755
1663 1336
9838 5114
1760 1415
3752 6197
7637 8200
6502 1758
6647 1732
218 3230
4879 7186
8416 5391
1920 3030
9213 4312
1943 3238
3423 3761
2274 8801
8586 7432
372 4956
9312 6281
7918 2837
3200 7466
3747 3829
2560 762
2695 8190
4051 154
700 3133
248 6055
5717 5686
3269 8551
5290 7764
6312 2818
6029 6188
9461 455
5798 3726
1908 6656
3004 3982
9480 9270
7001 2560
9595 9278
4971 6031
6137 1256
593 1207
6586 8727
9693 6902
9483 3459
1834 7514
8693 4193
9606 560
6033 4758
5012 5169
8099 8437
933 5170
9357 4883
7277 7182
5509 2361
1319 1648
477 6960
3557 4254
1099 5804
3509 5381
6846 8365
9179 679
644 3775
3535 4389
251 878
6010 1525
2294 7029
442 5220
591 89
4508 6561
9246 5916
5956 8679
4317 8163
5255 9032
924 4266
5022 6213
5615 1139
2585 4363
6511 1613
4025 5446
7334 27
484 4465
3105 1710
3077 1934
38 9282
7175 3224
6198 3076
712 9710
75 6878
2103 7547
9217 9488
4005 8409
947 6475
6245 777
3518 4020
8239 2163
842 987
8641 1940
5482 9507
1547 7714
699 3650
1106 7329
2598 4069
8383 4575
7731 4965
6138 9945
2601 9798
6631 3342
8501 7213
4603 6642
897 5915
7405 7072
3682 452
6771 1495
9877 3125
1179 3411
1336 7141
789 5249
2224 4869
4155 3918
6912 1770
7281 4393
1535 7561
8217 3633
6459 9776
8450 674
6522 2836
7728 3128
2175 5556
346 2034
3936 258
8446 8934
4165 3274
6441 1861
7650 6855
3889 5919
4295 9684
1440 6653
7886 842
5892 6624
5127 6083
2763 9373
4121 3378
2263 5363
3797 778
3700 2325
6038 3549
8228 4023
1709 3171
22 4534
1644 3067
3784 5293
4596 4879
2010 8570
3526 4880
7331 566
2806 2813
8452 2411
4127 2033
5463 9462
8884 5591
7789 3375
8849 2766
3977 4715
8894 3989
9987 7364
312 5626
3543 7999
355 7990
208 8990
7889 7172
6955 6726
3728 9975
5616 623
9698 5416
8082 9490
1603 7604
7905 1822
701 5209
1399 1939
886 1352
3957 1081
1904 7371
9384 7713
8735 3600
2639 2846
7153 1162
1596 6637
5393 737
3239 1843
7049 4247
1575 7048
2740 4123
9645 1387
3457 4206
3251 3650
9701 9901
7568 5468
8679 6651
6425 7600
13 8843
5550 2907
4780 1510
421 6343
6736 4974
4753 6737
2128 4614
7812 8695
2401 427
4559 7729
2077 9070
8366 8356
7332 285
576 8273
6214 6555
8835 5911
170 5244
7693 9086
3830 3089
3295 9702
273 3381
1008 5434
9518 2643
4197 6285
6750 5686
5083 5520
685 1243
2926 1659
923 8604
8003 5494
2799 2545
3568 4433
7564 4253
162 8155
6553 1160
4652 1326
102 2324
8360 9643
8874 7610
7349 5973
363 6116
9972 1918
1867 5955
7960 1461
8161 5867
4583 4354
4534 6091
1758 4897
7640 9689
6276 6967
9505 5002
8381 6369
3096 2042
9736 6086
712 1953
1132 4038
1066 1982
7839 6391
7159 7551
846 3170
9105 3091
4597 1108
8009 8632
5556 1028
350 2695
4461 176
6920 3302
179 4862
2224 1715
5664 3521
4329 2583
4091 3945
4505 1267
7243 4517
9361 9841
5572 6714
5251 1337
5434 3021
6557 9593
7884 3030
6443 2628
2093 2432
5737 7031
6937 6315
6824 6023
2348 6861
735 3369
1259 3564
1913 3010
5282 571
7055 7746
1509 8981
3891 9976
970 4790
8455 804
6131 3209
7906 5106
7453 6690
3605 3298
4484 1039
804 9127
1352 4318
7850 5823
6877 4657
1338 284
4014 5569
3265 7832
91 7286
3684 4779
179 7226
2979 906
4278 8925
7804 2672
8437 3803
2919 920
5372 887
7106 3934
6984 4501
2388 8582
6928 2215
5352 5317
6573 5515
9823 3833
1242 4164
6480 4517
4960 8256
7204 8170
8513 3223
8713 4604
419 5547
8883 5341
6084 4705
8603 7787
8020 401
5351 4225
5928 2528
4023 1597
4849 4534
4115 9056
3221 2060
7995 4783
7639 234
6584 8888
3224 880
4480 3457
2810 6902
2963 4010
595 4797
9758 5272
2107 6139
8847 5671
519 7175
3506 5396
4735 3798
4435 3450
7510 1800
7836 7248
3246 9901
4073 9013
9460 3507
6632 3838
4253 8132
8767 2229
4113 9458
6458 5656
409 8357
5290 253
4798 3175
1414 5701
8773 3865
2576 2005
5908 5623
8407 9511
4614 3651
4735 4778
2677 8448
7074 2175
7256 115
6729 2722
654 781
2394 4712
977 171
8762 5733
4112 8842
545 6916
4655 9228
9068 7105
2723 5143
1912 8815
2542 2485
6948 179
6468 9340
8855 2125
8364 944
1383 884
1703 6494
1127 6615
1913 9327
7315 9472
8590 3970
7304 8162
590 5378
9952 2419
9829 6540
4142 2039
840 8910
8188 8171
982 7864
8375 8488
7845 6789
9930 9175
354 9473
8851 6409
2898 6106
2077 5845
5445 2396
2564 7109
1897 3685
960 8391
9090 6762
2598 3317
117 9670
2868 9982
6886 8859
6266 2686
5381 8625
5500 601
7544 2907
5304 2905
4152 2448
7047 1584
3970 9632
1056 1737
6458 7166
4582 4837
2993 8146
274 3769
2450 7432
6084 7625
4544 468
4607 2225
3294 6495
8839 3731
6973 4138
247 9408
3444 9375
317 5523
2673 1258
508 5107
7260 5174
8525 5864
9975 5462
4720 7385
8954 488
8367 881
9124 1639
4191 4882
4931 69
5367 5807
7994 3406
1480 8647
2920 2021
1484 4327
6731 3160
7366 630
8588 3543
2216 540
7658 8367
2146 5714
1022 4122
6897 1737
5552 5577
7831 5115
2544 4052
1024 1404
7827 9518
4482 7848
3639 9230
4935 5694
6744 9651
8928 9671
1488 2711
786 9184
5360 1966
9715 8931
63 6122
6997 9664
8186 3060
4586 3027
4374 317
2925 7719
4239 2280
8842 4646
4925 6503
8399 1715
4456 2370
8046 4503
7355 6852
6285 6603
1462 6420
2337 2788
9632 4942
8128 9751
246 8096
627 8158
4413 716
721 6787
3279 603
2463 6499
398 1033
5178 4227
9857 4092
6753 372
3671 5404
3262 6625
2868 9728
8732 5048
661 2296
7215 7030
1866 5594
7343 54
8891 1756
5906 4776
8039 3756
9164 469
8213 6443
921 4037
3406 1089
7460 554
638 8884
5321 2933
7811 2671
4913 2606
6448 990
9986 5523
4339 560
3208 4085
3621 4231
5903 8489
3213 4246
6880 1397
88 4497
2905 611
6511 8558
9362 3262
1912 2591
3155 7288
5059 3090
2549 2181
1947 7183
5273 7920
4925 9254
