178791
6489
9549 5287
2556 2325
1417 9829
4276 2719
6442 6520
820 1732
3606 8154
4980 652
8161 467
5212 4623
6880 9543
529 697
4226 6771
7060 4450
7024 1713
4127 9474
667 1425
7584 8442
7003 5571
8441 629
3888 1288
6434 6248
3659 3562
5301 5058
774 2404
6187 5758
3856 1706
2351 6074
9814 8597
5120 5538
9984 9848
154 9540
9190 238
7514 8622
7920 6941
8080 7773
7435 9698
5087 2143
8941 8153
3472 6788
3800 6926
4779 6628
5290 9652
8529 2420
5042 218
6068 9317
8176 2166
226 3497
4673 7399
9252 6150
6310 9703
4929 583
1068 5018
120 1045
413 3115
1340 6294
1266 3861
8013 6489
5111 6088
7364 8535
440 9495
5316 5840
4410 7102
9216 272
9743 7467
5473 7013
8793 6272
8610 554
2818 672
801 2794
5381 8516
1762 7954
762 8752
4303 8633
5509 7508
4857 4518
1314 9805
2383 7773
1572 6211
1045 4296
4006 4327
2098 1793
1174 9333
3464 6362
2904 8424
1025 452
904 9928
5498 9890
3163 5279
3062 6337
4442 6968
4657 6405
7972 6078
2520 29
4263 655
1666 4159
5556 612
1966 225
5480 6670
6227 8581
4418 9980
1316 5700
9724 7649
2400 6994
5942 4935
8518 9702
4504 4211
2519 949
3461 5689
8095 4843
8541 4354
5401 5213
2029 5618
6833 8835
9656 1170
4276 9231
3880 1082
1508 9204
2190 5606
3004 8445
5298 9974
3491 354
3044 3572
692 8167
1626 3767
4391 5958
8786 671
7706 7266
2661 7744
3892 1327
4430 7517
5440 1482
7114 4035
6587 7372
8523 137
970 3679
7612 4228
5304 5701
5711 2566
574 2309
9062 9836
6138 2517
5014 661
63 7743
9303 309
5597 4354
9666 8981
7441 9836
8957 3758
1412 9654
8845 648
5927 4273
8335 1677
5134 6780
5782 9714
1803 512
4740 5779
6250 8890
4516 8630
595 4200
1751 4246
2749 6268
4656 2485
5637 9917
8664 1458
7516 7508
6409 7496
8321 1022
6319 2128
2234 2863
1589 7448
3524 5338
2140 4673
1885 9372
2813 6653
8447 6084
7131 1600
3780 2262
7046 7398
5129 7666
5843 6446
1994 8592
5546 2645
9764 2114
9356 21
1680 9959
5296 2860
7371 3992
28 7083
6123 2734
1443 9244
9342 85
2661 3711
6740 2023
2980 756
8321 8443
5130 248
4709 9819
1173 2922
2574 8587
5312 3164
3613 9178
179 7856
552 4032
5002 3825
640 9304
1602 9046
1930 6000
2297 2067
9702 4402
5036 7482
4687 2412
8326 8791
5252 8665
4253 5124
6626 6636
2793 7556
7050 1860
4073 119
6698 1714
8823 7967
4160 4479
989 775
1005 8470
525 7579
6982 3823
2632 6544
340 3238
8258 5333
5778 171
1095 3285
9160 8022
8628 9216
5932 3341
6544 6869
8295 122
2748 9797
4232 7832
8921 4799
4820 813
5462 3467
7657 6443
1203 8923
9891 3817
8031 8398
340 8202
6105 600
2989 8388
7113 224
3425 2597
915 5830
5472 8411
3116 2036
3100 4928
8665 7686
7681 3351
5716 3761
3889 457
4709 6661
2290 3796
9454 489
8661 822
7340 7691
3912 8681
2560 7614
1052 5524
590 141
2928 953
7278 7457
156 5420
2512 9297
610 5068
523 4341
7372 4709
5730 9691
9708 314
8660 6069
1905 1827
8434 8257
2911 6857
9366 5666
3323 9289
3947 2465
9309 9274
1561 8853
2616 3738
8325 2046
3856 2911
7383 3268
813 2979
7711 319
5523 9257
3521 6143
9374 8444
7330 5255
2485 1422
1235 7655
5978 9613
1092 4241
9765 4407
4581 564
6422 2800
6753 9468
253 8107
7021 2193
3727 541
3418 6226
7388 5657
6719 4733
5922 6027
9100 3728
533 3709
1093 6197
9477 2863
1530 5602
1462 3826
565 3561
5161 4043
3707 148
3178 3336
5778 5471
6137 2408
685 5358
1955 3774
3402 263
6382 8245
6842 7704
7587 1679
6731 8721
555 3655
9933 1403
3505 6689
2114 2495
3565 8868
5453 8638
532 6671
4951 7283
3303 2506
648 4172
1271 9605
3905 5387
6608 5164
7333 8159
3633 4933
126 3844
6052 8972
1181 9801
8821 7547
7005 7689
8880 7173
7919 775
9313 7784
7319 846
4646 4410
9968 5707
9921 4264
3487 4306
3493 109
7611 3114
5211 2973
7543 2662
4434 3251
9554 6192
6808 4101
2848 7441
4751 3674
669 6181
5042 5417
2678 1095
5209 294
7187 4472
2591 6979
3916 3223
8078 6113
2729 3548
7374 8713
7714 7072
2316 5277
901 4680
6263 2156
7345 8525
6643 3603
9508 5260
4766 4724
9954 5138
7181 5608
7984 3658
3630 4457
2811 715
9748 302
5633 7508
241 7096
4676 5339
5660 9017
147 1681
6056 3588
8669 999
7155 2162
9836 7206
2184 1754
2101 539
2039 7447
6690 6045
6473 5636
5581 510
5558 7125
9361 7386
4076 1684
1845 835
2643 1992
6202 7992
7625 6242
6041 212
9425 9836
8960 9669
9908 1509
4883 2190
1692 151
5531 2491
6892 4941
2336 4340
9995 2556
1723 3917
3190 493
9013 2034
3417 4708
4089 1551
3912 509
9118 9164
594 7255
1364 5430
7706 2950
9061 5717
4149 8628
5632 8125
6334 1033
3421 6673
386 2454
6333 9838
900 2591
6784 4548
867 803
3956 6177
8989 2897
251 478
6126 1065
1226 9706
9952 5194
7084 4666
8996 4883
9682 300
9314 8996
2947 163
4732 9748
9686 9722
8793 8590
4967 1516
8857 4910
6786 6554
7325 6044
4412 3550
8279 7081
3634 9861
5699 1308
7902 4159
7432 4927
2517 9714
3466 4624
9382 9055
8163 3888
9278 1680
2361 8737
6015 1058
9059 5326
8098 384
8159 4929
8941 9923
6202 3285
4447 8406
243 3742
9808 7080
300 2141
2793 403
5148 517
8069 7136
7931 7718
5788 304
330 1012
958 6289
9590 9282
9357 8391
5868 7259
5020 8757
1810 8786
6518 3592
101 6560
1709 784
1390 1452
4151 3196
6848 9283
9372 2513
7225 9693
9860 8968
7385 1229
7351 1725
6468 1242
5534 6967
1217 1237
6004 3780
2146 2255
9303 86
675 4762
8075 8770
4229 2729
4510 9966
8941 6983
1031 494
6671 6701
4832 9040
9480 5254
661 9300
4866 9547
9977 2655
7423 9047
4454 3234
457 1835
3233 1543
5041 9772
7522 2099
6482 543
3027 1612
4536 4686
3589 3858
1755 2205
1753 3025
7606 6473
8723 8352
6497 8263
2796 2506
3024 1257
395 2379
1546 8668
7700 1956
9241 4795
1305 4528
1654 3469
6653 5352
666 706
6563 7243
2517 240
7148 8716
483 8797
4728 4963
8959 2954
3028 6260
5582 9703
1314 6554
3256 8789
3412 5004
725 1307
2027 9146
6283 574
7993 2513
9521 8681
5282 6681
2051 6441
8182 3938
9404 6887
1896 3850
3504 9745
8008 6012
720 2191
1874 4165
3414 9089
8735 3705
3987 3252
4629 2074
2372 5289
562 698
7910 5597
237 9637
3812 2983
5269 4548
4916 6297
5742 7378
5822 2432
3613 3324
3447 6359
7829 1040
6457 8560
3641 3438
1065 509
7598 686
7745 7051
179 8640
3880 1087
290 7728
9359 2872
8402 7358
2625 2739
2843 1469
4377 4691
6914 3362
4830 117
1252 8234
8788 4146
6766 9697
3333 8817
9312 7532
8213 8058
4294 1542
6141 7647
2772 8819
7806 4401
1063 4153
2468 4140
3032 5551
2936 7535
8481 3404
552 4270
3511 8208
7735 8206
6343 3272
8184 9729
5040 1657
8051 1654
907 8037
5751 1285
8808 5960
5524 9130
9526 301
4519 2301
91 1287
9901 8582
8321 1914
3454 3092
3217 6543
9785 4090
2027 6834
961 6013
5806 8511
2361 1782
6842 9344
1785 4163
1157 3459
5667 7028
6709 1173
8678 1762
2013 696
3310 614
413 5731
1245 6636
1959 4071
5517 2926
5932 6181
803 5304
3703 8289
4857 1463
2891 6294
9405 3696
5816 9852
615 1639
4956 9020
2722 4720
3913 9840
3569 3496
3382 6749
2435 2160
9356 7389
7342 9705
1335 192
7338 9203
1973 1275
200 1358
6418 3560
3251 9242
2591 5017
3919 2470
8853 2832
2361 3330
4284 8796
1879 7881
2714 549
9764 3298
7149 8067
5751 5265
9740 7067
5327 2634
2094 1972
7654 9441
2788 1047
2726 3200
7645 5821
5412 8947
6814 6884
3071 4236
1303 4256
9492 9856
7247 8885
8562 4714
8242 3984
5343 223
492 4891
8805 5141
3813 9812
8861 36
7222 2210
5459 6075
865 2342
5176 5454
1241 7862
1471 9184
5929 1106
9843 4703
5964 4905
6809 1547
8875 3627
5468 4684
8871 864
3093 4787
5031 9202
2558 8680
2367 8894
6504 1741
3978 9532
7600 7269
5071 570
549 6453
896 2467
4708 6657
1480 6983
9962 994
9860 9105
2062 7251
2542 8733
5608 826
244 7671
6060 4741
8195 9581
992 3612
2863 8522
5737 3047
917 8523
7696 9394
9308 5560
3832 5042
6254 1523
2026 7973
8799 1373
7152 1889
7085 6448
5232 2299
2499 5228
7989 4579
1953 1175
2165 1960
6064 8171
4510 3496
5403 6230
2908 1168
5995 945
4542 1867
3926 8286
9320 7192
289 7074
8999 9986
3861 8104
1049 2303
8420 4290
3236 5172
2311 34
2902 2342
4637 1651
5103 4173
1761 966
1195 7715
8277 398
5900 2759
9760 6140
6508 2731
5085 7897
803 492
4550 5586
5093 3965
922 6215
6390 4935
829 667
8479 1044
8710 3811
2786 7494
7400 9008
2260 9255
8250 4954
7731 5661
8548 4703
4086 903
1493 2867
8843 2051
5798 8045
1955 1680
2752 2556
5717 5739
3256 4832
8579 3526
6496 8308
2037 4799
3261 176
9281 3055
3248 5179
5526 107
9754 9304
1006 9097
6842 7710
6374 9936
55 8278
6788 582
5062 5601
7761 105
9196 8022
4226 6082
8861 3609
5486 2677
3783 8367
368 468
9970 5991
3132 1535
4576 5050
7679 4480
8902 9519
1329 4004
3574 2826
9081 1700
2623 6973
6219 8436
7180 2604
7877 17
7055 109
873 4647
5323 9786
5346 8360
4507 4679
4707 1627
702 8337
5456 1785
816 896
7586 3237
4057 9155
4460 7443
1995 1604
250 9213
5283 4540
8076 2018
4072 9335
816 5679
6873 3831
2835 2040
2119 151
4162 229
8394 4196
5902 7321
2271 976
1948 2296
1312 6637
9848 5942
2027 8469
8782 2332
4102 5859
1138 5242
1496 2930
3691 7351
4590 9329
3737 5800
5372 1906
2806 6873
590 2044
2970 2880
670 9532
1632 1829
1373 6121
8102 9828
2703 3753
8759 7778
2044 6723
5752 125
9850 3302
5972 1861
1393 8369
2378 9095
1896 5153
8862 3092
5763 8329
8826 5753
1000 7440
5514 7510
5395 491
3775 3313
6529 4932
8410 7453
9181 2272
7983 5122
3796 7122
8732 7763
7821 4830
3124 8707
2121 5258
4275 3345
4822 643
116 5498
6804 2070
2344 8108
8980 5690
9349 8638
3360 9639
8016 3017
3210 368
2383 8054
3638 7901
5108 8791
7157 7520
5053 1916
5780 7826
9885 9522
4588 6324
8746 818
1300 5944
6932 3338
5840 6875
24 1986
6565 8906
9207 8608
1519 7441
6823 296
1069 6013
5252 1819
1124 8460
4194 3145
7560 4681
5237 3473
6371 9892
7888 4768
1414 6798
6236 9953
1458 1890
9914 7261
6075 3011
2329 6712
5756 7791
1039 6593
2643 1713
1173 102
1772 5967
7043 3054
5835 5646
7111 8943
1845 6767
8261 604
1522 292
888 5431
1162 4656
3101 771
8502 3630
4601 6357
4467 7542
2566 2893
3226 1086
2231 9139
2144 6641
5587 1343
7414 7977
4223 4761
9542 833
2827 2191
5956 9159
5427 8525
5379 381
356 3966
4640 9506
7166 8129
9775 4816
4030 9048
9004 7386
775 9714
4691 7556
5579 9476
5478 6025
9383 6662
6048 9947
2885 6491
500 3891
9927 3793
8577 1816
7713 3623
2088 2774
1214 2805
7413 1427
7504 1474
3570 3989
3949 2696
1832 4165
2672 3584
822 6532
6475 8725
2455 5402
7200 64
2311 1877
4018 4996
927 1675
5167 1075
1531 8449
2040 5724
2633 4135
753 9206
7638 7775
1824 3023
6448 8830
7561 8445
8280 1574
3103 9017
9956 5404
5656 336
7270 510
719 1205
7540 2955
7969 565
4210 8959
9481 6150
6055 798
7649 5053
8031 606
5749 5693
8981 256
9657 6859
4575 2072
3521 3091
1408 3347
1510 9589
3378 8043
2241 8779
9950 2402
5391 1675
3409 5215
6456 9432
9786 8898
376 1978
3898 8980
4951 4464
2369 4274
4064 449
357 1279
6193 7961
2382 2117
250 6618
2992 6741
3647 4641
3842 7139
9313 7736
7127 1145
7365 7535
4955 2033
2555 3121
7341 4480
9481 5616
4514 7139
1230 5580
2395 4409
7526 404
7397 8040
5332 5831
3519 6360
9661 4508
2488 2516
7018 6866
3616 434
1332 6431
6298 8946
4564 3780
3141 8357
9158 9388
797 7975
661 945
9024 8688
8891 1981
2339 3338
3771 7508
1110 9807
8140 5223
4619 9237
9961 8223
7454 7846
9332 7405
1486 530
36 5521
1805 795
7130 4826
1827 5488
7879 8930
778 5430
6945 9346
1204 4490
957 9248
5841 715
8567 4248
3713 2927
902 6976
8076 8632
2994 3618
3524 1240
5061 8914
8382 732
5858 9225
9054 4233
9664 4199
2221 7327
7257 8130
1700 8740
7974 9177
1847 2438
6489 9316
4035 2185
3887 3353
7124 3337
294 8060
6417 6295
1090 5423
6497 3933
6601 3500
1270 5707
4974 7883
8012 6002
3566 4263
5299 5289
275 6574
9762 7009
6085 184
3203 7434
4275 879
2625 9038
1993 2735
8414 1810
8901 2096
2260 9388
6921 3866
6406 670
4991 5187
7648 240
3677 2347
794 1845
8757 6973
9925 70
1517 8042
8562 5545
1299 3680
2369 6844
3819 2904
9596 7715
43 1648
1268 120
2890 1393
7404 3928
353 854
7370 8532
4493 2220
1563 9171
6371 9170
6201 3752
9952 984
2495 6380
2520 7312
9380 6155
9184 9422
8201 8413
2944 2690
4497 4466
5370 7821
2614 8533
9764 7602
6716 5977
149 1754
2157 7325
7747 100
2862 6037
5858 7882
6598 3882
8694 4462
3742 8739
6685 9851
3696 6783
3944 9292
9789 6918
9856 815
3285 9733
8423 379
4631 7699
4122 7816
7825 5214
3976 4447
8378 6891
5704 1570
8188 189
7829 1192
4574 885
9390 4250
6274 6564
5035 9572
3274 606
2495 5788
1539 8382
1581 5576
4537 3796
2794 9020
5236 6202
1435 9431
137 6270
2400 3776
2554 1103
396 1616
5516 2389
565 8343
688 1613
7655 1893
4343 3611
9485 1236
2790 9247
1798 9246
5909 4408
5569 7715
5875 3253
8927 8029
8964 9528
7275 7093
1355 6463
1336 2476
2521 6770
8836 3213
1864 5650
1526 9558
7062 756
8942 551
3310 4079
7920 9975
469 9055
560 8262
6166 68
6152 6537
803 2888
3016 5671
1499 9272
6687 6893
5524 8535
8631 4082
3438 531
8614 7025
4211 4935
7352 5714
2748 6243
2097 7705
2472 414
2124 3717
6467 7296
7989 5844
5573 7902
2620 2565
5295 191
9117 2146
8908 3055
5979 2732
6744 4011
9284 3219
3332 4878
4590 2917
878 7477
2864 8443
8116 1214
1875 9785
479 5548
3557 1130
6960 5674
9228 9025
8717 2404
8111 2837
2475 712
3837 9423
4970 9186
2656 2517
4839 1310
8583 9682
4184 1299
5986 9588
591 652
6587 200
7020 2615
1987 2187
8068 7797
2327 915
2967 5527
9632 8724
4824 7859
7639 8527
9469 3961
3171 1381
1013 3526
5640 4934
7337 405
7473 6175
9341 1289
627 1840
8541 1215
7402 8137
5399 4689
4021 5698
5748 5430
1831 9280
4514 3090
1302 465
249 9378
6845 4496
5085 1179
7163 7881
4384 1682
7538 8200
99 8776
2460 9319
6563 161
1571 4887
7703 2282
4061 4626
6453 6562
6513 9160
9679 7002
7671 5799
4312 9101
1745 1108
6555 7824
1722 2485
160 9643
2600 9833
7092 2364
3060 67
1949 3148
7324 6963
5087 5150
2461 7784
8533 6276
7621 3566
8426 6427
452 7115
9120 6381
5435 8786
2691 3567
373 3375
7488 2623
852 182
6957 3201
6094 854
1489 2635
6059 5313
753 6404
6745 707
5963 6221
7759 4391
4500 8549
5075 9307
232 8939
6940 102
4877 9461
9200 1535
2332 6772
6187 7605
2651 6095
383 134
1156 8599
8595 5771
1574 7436
7836 7784
8625 4821
3851 5741
3410 494
7801 1593
380 9380
6115 4919
3422 2902
3944 6460
987 800
3952 7403
9046 1719
8193 6837
6667 1826
5209 5748
2578 8540
9792 2421
8754 4645
434 4250
1606 7296
163 4565
9360 5355
2105 3178
6031 5297
7 2027
195 5889
8115 3476
8944 8753
2818 1958
357 8958
7575 8500
417 2255
2175 4860
1436 5702
7450 245
2675 2840
4158 5182
2302 6134
5312 4854
5366 1909
4610 7954
8888 7648
6200 7288
4459 8048
813 2093
8120 8119
841 9560
6554 513
2863 2938
1146 3326
13 9889
2744 3094
7988 3041
1498 505
7152 4564
4272 774
8263 7494
7150 6424
9421 9406
3102 5390
3628 6620
6875 4185
1323 1445
379 3077
7047 2170
5586 629
6482 1864
7505 570
6177 9590
8917 3106
7450 7150
5121 2683
1766 1469
8108 8243
8972 3448
1686 4871
7179 3782
2635 7471
2118 2095
6123 9031
4097 4974
8661 9512
8312 3278
2773 4791
5009 2804
9775 374
3448 3069
9420 7605
4845 5081
4401 9273
8758 866
1771 4562
6416 7545
769 5655
6354 5077
552 8204
1603 9364
3716 9410
8104 469
9929 6571
8540 727
397 3997
8634 8317
2283 9011
5056 7941
6051 8691
5867 7907
8686 1646
6507 8252
7585 3057
4355 877
6052 6565
1715 2863
3444 4887
7118 1326
814 9350
5723 2150
6588 9776
5068 3763
4795 1416
8727 1251
1414 3568
5007 1623
8771 2536
328 2719
5025 6243
2663 2750
3186 224
4712 5515
1671 8049
257 4221
8235 1319
6522 5046
5214 517
9903 9139
4965 7881
2082 5545
3738 9485
8235 9783
2687 8535
243 4405
8400 4384
2457 8263
3920 3264
2335 2073
3266 4458
9837 911
8916 485
4803 9822
498 4061
3285 5237
2437 8637
3723 9366
1492 1210
5711 6294
4332 5948
763 8014
3321 7465
8292 8579
3384 8578
2280 2312
3903 2988
3764 1154
9292 4510
47 5311
9555 3018
3748 2719
6663 8756
2890 5539
3638 7517
6423 2345
6778 6937
9799 7582
4940 8633
8267 5381
1769 9238
2867 3355
5185 3803
432 1314
8197 8279
5257 2244
1842 7728
9874 8270
7019 9545
6530 4642
6417 9280
1807 3309
3490 8940
5976 9249
3356 2653
2176 6878
4172 3862
5706 6111
7352 4706
9497 4916
5654 6666
4218 5500
8829 5689
7498 3325
6086 2075
4059 6777
2836 5111
8511 9270
5776 7716
3083 636
5290 9
6427 2658
7385 8978
8183 8624
6263 6370
4674 7477
9400 1135
6204 4259
286 3999
8720 2718
722 1600
9076 6102
940 6819
4191 6869
4821 7904
9316 6198
5954 8943
3271 2996
1753 5457
3299 6227
9795 3634
2346 6611
4841 4638
7283 8663
7518 5165
3097 4284
9622 6339
2843 1835
5840 7837
9614 8137
3353 1825
4870 8181
355 191
9302 6032
7943 7924
6407 5278
7642 7089
8885 1519
5060 8874
8516 8704
8117 6730
5114 6879
8361 7919
3340 2079
9329 4341
5733 2785
6821 6535
1822 6586
2973 4672
4672 8931
1395 9764
9857 7245
4667 9197
6522 5912
92 8603
3677 4083
1699 6720
7424 8184
9516 5851
5384 1030
3873 5944
4955 670
7413 901
6430 9707
7951 413
4950 174
3470 6665
7706 7347
2121 2389
8371 543
4603 3720
6214 4243
1773 7404
6157 3075
5001 6848
6623 6126
7207 7133
685 6678
8506 4133
8572 5194
1652 5356
6517 752
305 3651
4567 7911
9194 7714
2758 3389
4466 5115
5757 218
4719 8387
353 6762
2363 9792
4772 6920
1460 8946
4784 8332
5550 8732
6270 848
6854 6289
8395 1438
4971 9579
5335 8108
7216 2207
174 6958
2551 1398
4106 4781
6772 9121
4673 322
7435 9143
7041 1569
2753 6077
4153 1250
3675 1890
4706 8229
887 4056
281 8786
7964 7011
155 5792
5525 9557
5346 9607
7459 9291
7964 9537
919 3690
385 3860
6835 9077
9579 7220
6401 1530
2995 6293
4535 4901
8386 8436
5123 9205
52 6206
7883 1655
5731 8664
8876 1103
4310 6615
3452 6663
3626 4781
7940 2000
2357 4881
6558 5578
6737 744
3167 749
2830 4143
693 9142
7905 4835
7050 9302
9967 5583
3353 534
1991 3898
4810 3866
8242 4647
626 1499
2053 1145
8835 2219
2275 4221
7333 6067
6924 5491
2825 4086
1396 9928
7387 9223
2683 6799
6115 6563
1573 7229
5925 4484
3945 951
1460 8763
6547 2647
775 5884
2835 1201
8411 4047
4585 24
5472 4725
5906 822
2016 5675
7709 5869
2387 2715
214 4850
2617 7315
2001 8684
4459 1617
9610 1200
8827 6594
695 4144
27 9775
623 4228
5784 2309
3073 9536
5548 1879
6685 5477
4606 1922
551 2750
6139 4283
4791 6173
1036 6337
7628 3607
5728 4220
7006 6044
1549 8820
8403 4444
4563 7521
344 6316
6965 2467
2490 3586
3998 9767
9668 853
27 3241
9089 3275
7293 5543
6345 7799
6290 2442
2605 634
9410 2151
2169 6226
8791 5748
202 672
341 6662
219 2352
1914 7275
7940 2853
7425 8579
167 2538
8532 5404
7306 6198
2856 93
9918 7356
6796 7797
4551 776
3521 2733
7518 5756
466 6143
6990 2846
9422 2686
6287 3921
5451 1480
241 9166
4451 2202
3765 1085
3669 8632
6029 8239
2222 226
8166 146
3261 2936
4236 4938
4368 6743
6032 2443
2506 6899
1282 9117
2097 8461
6499 1859
9592 9888
3726 4812
8933 7941
4991 50
7009 4045
8500 9360
2760 98
3402 5882
9904 4878
9410 8934
5298 1867
750 246
8298 198
7459 6332
4533 9361
3207 1671
1855 6490
3580 890
6436 4145
7168 166
3645 399
1128 1929
2811 4131
7540 4885
5129 4325
4512 8192
9585 1635
9806 3846
7003 3941
6770 3305
7839 8578
4337 2617
5755 643
5670 1295
2931 2042
7016 6150
5070 2171
3738 560
1804 1269
9642 3092
5229 4664
8437 9881
2186 1708
223 6490
8370 4859
6970 589
8572 1262
6956 3706
3910 4953
4147 4398
113 2950
2295 1185
6943 7099
9604 1200
4072 3310
5161 2780
7620 9274
8152 1267
1323 4864
9330 6951
9145 575
7893 8639
8441 3110
7301 5826
6798 3216
5666 180
9970 7293
5752 4995
8839 7553
4421 6130
9241 3640
2242 8528
8440 301
6849 647
8437 4770
1357 1778
3336 7466
689 3238
2786 4488
3278 1504
8220 7214
2622 5004
4190 7403
3981 648
7341 2629
3695 9941
3953 4840
6664 5541
5679 975
4404 3994
5255 6144
8865 9336
3162 405
3468 3955
4721 5447
6080 8057
5177 5842
6823 3306
7719 1843
6308 604
9468 1204
8057 7484
4609 7961
1731 3423
4014 8294
912 8602
5735 837
3302 8518
1371 4354
1679 5119
3521 184
5604 806
7742 499
2236 5218
5898 9276
7147 3352
5377 441
8485 8769
8572 2455
3839 2750
520 7139
7336 7166
5256 6588
2270 2543
3766 7500
2018 9925
7400 3812
4869 4701
3252 7528
8910 4978
4173 9621
1407 8522
1271 8374
4215 1146
7637 7847
816 6087
409 247
7369 4703
3352 6228
1278 3172
6484 4315
6873 3856
1421 7271
8465 284
1208 5632
6281 93
2797 7946
1930 3554
3520 3458
9525 3128
4090 3397
6626 4348
6584 9017
1584 868
1344 6642
2005 102
699 9584
1561 9496
3276 2175
3425 111
4526 6821
8409 9978
3993 3708
6241 1716
7251 1258
7940 554
8843 8475
5451 3842
859 3586
9980 7912
9166 555
1822 7806
5730 6213
1500 8406
6301 2609
177 109
2640 5440
920 9542
4922 5240
6766 530
999 7625
8947 3852
7370 9448
4960 7456
5882 3870
3971 8819
9751 5095
1233 5803
9316 4647
5486 2960
8052 5740
6877 8972
1246 1905
4178 5605
5685 6648
2158 2179
4797 2236
1455 1204
573 3366
3931 5084
1252 8364
8995 231
5286 8075
8747 8387
4316 7
5223 913
1625 3003
4232 894
1578 4374
88 1797
2952 5224
6290 4999
7264 5318
245 1046
7836 2013
6405 2531
3367 372
7325 2290
8857 9717
5309 2653
7540 8281
4680 6677
6657 8229
728 9904
4488 4085
3683 5710
8846 8984
1689 8716
3968 1706
4041 4595
2020 2278
1011 7550
2331 747
4029 227
8789 1494
9733 3622
6938 6552
7491 6442
3413 1216
2312 9949
1126 348
7182 3126
5525 9310
3130 2288
3869 1352
4278 8079
8198 4566
9418 1935
7435 8779
8029 1970
2465 2643
420 1332
8345 1045
4945 8891
3396 4527
6516 1724
6746 7671
4382 8069
3241 5071
8006 6736
8984 3080
7951 6202
8191 3133
739 6045
907 5140
6713 827
6582 1778
4751 9513
4483 2395
2445 7550
1775 7328
2717 6423
9696 1005
7879 2464
5951 446
8152 6869
4921 592
8482 9912
7468 3784
9677 7382
8345 4758
9519 7268
7287 3539
8566 998
4098 8085
8853 8374
3803 6555
9057 8771
6549 6276
6233 263
5722 80
9448 6015
9525 9337
784 5720
6449 1526
9746 4978
8128 570
1232 3225
1298 9024
4155 4658
6772 130
572 778
3153 1937
2634 3793
8017 6931
1784 197
5295 3832
3479 5191
261 6770
423 7719
1916 2857
6721 4916
894 5244
6913 5902
8929 2417
2913 1860
6187 5305
3559 7086
5385 4522
2568 133
2580 1458
9371 4005
1479 5565
1970 285
7577 3188
7451 9373
4225 7898
919 8203
5844 5664
9502 1182
5256 8418
7260 3466
4063 7758
2437 4265
6829 4952
6201 676
3144 4403
6582 4819
792 4892
6584 5199
9126 7570
4596 1305
4816 9317
8271 9305
8639 2916
5509 5051
391 4733
7967 286
645 1515
2150 1409
1048 7224
1951 6436
9016 7015
9149 6090
1543 8415
8860 3055
3385 7939
3850 3606
7368 5596
4064 6378
680 7106
1853 5816
8081 6888
7678 8142
6150 4374
7623 3358
163 9531
2739 2393
276 9172
8699 3046
8613 9645
3170 9914
939 5418
6655 8086
3075 60
1430 2481
4229 3286
543 1549
9290 8041
4801 7226
8147 4652
947 9761
7582 6465
7978 9512
9817 9768
8729 3340
5217 9778
1926 7735
821 800
6105 6396
3482 9309
5521 6822
8307 5750
5123 6154
6759 7726
1946 5885
7716 448
1770 9452
3918 7912
8493 9346
5273 8803
2167 6234
4911 1633
2934 4174
874 360
6645 7462
5300 4290
6087 5106
4456 5991
4957 9312
4212 8445
483 1750
7839 6175
4635 2161
7946 915
7008 1445
3737 3161
2387 4519
2650 9853
7745 3474
1312 1088
820 1887
9597 5332
318 498
987 6916
384 7587
7738 6129
5135 4814
6242 2634
7335 5790
4258 6144
8693 677
8352 4132
6132 8745
9627 627
4971 7735
1623 6120
4159 711
9082 131
4102 6947
2283 3126
3972 2436
444 3637
2985 7241
9083 8056
8189 2725
2990 8284
387 3078
3166 6626
1993 9039
8583 50
334 3080
7222 6095
9468 2943
5777 9445
2497 7229
8274 358
2831 1575
6406 4799
7037 1022
6271 9917
7448 6375
1006 7578
1160 6660
9745 1890
2941 2224
4949 9249
7709 1386
3054 6480
3080 1136
3390 2151
1888 753
1222 6978
7736 8241
9617 4302
799 1080
9209 6142
5556 345
4095 8243
8493 2957
5949 1446
1089 4429
8641 3714
704 5079
5181 4179
7465 7173
3913 7169
4158 4261
2774 5352
4467 8414
1260 9550
3363 3136
5187 8605
4176 2771
3902 1171
6689 3125
4651 306
6776 960
7016 2759
4194 809
8096 7639
7131 9889
4636 3284
6242 4632
2769 6789
3821 4343
3583 4542
5463 4227
9573 2362
2711 6775
9833 6382
776 7222
3199 4278
3645 109
8395 4378
4577 8708
8745 2982
9508 6461
8901 494
2241 8357
8555 6846
8497 9974
1160 3521
367 55
6842 6183
7643 4896
3266 5
1519 9668
5187 1007
3065 9230
4912 9271
5826 4328
8998 2681
3188 3218
5247 7159
9079 7726
9314 9611
883 6379
2832 54
4162 4727
9287 9434
3173 5250
1913 604
2089 8423
9777 8014
5441 9734
4666 4268
8193 968
1368 8605
1929 3885
9732 478
4654 2075
5427 8405
763 8383
3094 5539
1664 791
9686 9933
3150 8565
6216 608
6302 4837
954 2340
9135 6012
7048 426
4178 755
6332 8971
5566 5014
7807 1013
5709 661
9567 6348
9671 9733
2436 8696
7263 1026
4738 7249
4152 6309
3653 8970
5799 9996
2981 3545
7898 5804
8393 1683
9475 393
4874 2510
8633 5470
2518 5596
9298 8123
9930 2403
1539 8454
616 8934
5406 1054
4074 827
6608 8245
1086 7745
1324 8714
9600 9265
3396 5791
9617 766
3967 7520
6474 4312
7811 9586
1541 8586
5523 7363
8341 1169
763 9744
8089 1347
9138 9503
4451 5729
7686 5524
4942 992
6715 6863
892 849
8609 6758
9539 7547
6941 3553
998 3554
9271 8970
6239 6631
4986 4859
345 8191
9553 1455
3618 8502
1660 6184
9135 1862
88 1544
8693 7483
1605 8882
4911 7596
6104 4479
1638 7812
9929 3372
8322 7091
9822 1451
3479 4056
8717 7585
1152 5216
3339 5186
9050 8040
8405 8409
2779 4242
7432 4914
6820 7143
4002 1248
9694 5611
5988 9904
3663 4059
2766 3277
3150 4874
6969 8156
9454 6452
2270 2148
9876 7545
5931 6836
2830 8578
2425 3558
6619 9593
8656 4630
2232 8958
3482 4542
928 8698
2078 9230
4144 6965
7075 2294
2767 5850
289 5583
9187 4118
8574 5834
4340 2770
9059 2963
5754 2019
2587 719
1908 4389
2555 8789
3151 4524
9075 8695
6264 6232
5749 8744
3983 1715
3894 5664
4812 3422
4910 7193
8847 7051
7428 2842
143 238
1196 4183
7436 2648
4626 3208
8292 2166
195 615
399 5193
3134 7392
4718 1863
1816 8053
3661 3471
5528 851
2813 5199
441 531
9577 2545
1153 6061
8642 6346
1624 9690
4631 3927
3250 6132
1138 9097
1465 1945
745 8910
5125 2681
1815 8416
1539 7964
865 5800
2469 9096
9169 6912
4583 5654
6171 3747
2844 8118
9105 5935
3923 3691
9829 1450
4936 7597
6754 937
3507 6211
8352 796
3489 5455
366 5742
1016 8096
5057 5774
7841 8107
1049 4823
3155 7937
9139 4953
6152 3225
4234 7334
4939 6969
5717 7953
9856 7902
6215 5446
7218 9236
5398 8959
516 9820
4649 4306
2448 1914
4419 9341
1296 8551
8316 5316
8217 8345
8902 287
5446 9430
1730 2151
2850 5431
6306 5325
1209 5263
4080 3492
4796 9395
9064 684
8228 1297
3108 1327
1059 1311
3273 939
3195 1915
5393 642
2605 5050
6955 5330
1476 6081
6877 1207
7678 5709
9947 4295
2928 7705
9811 9314
4711 5728
8824 5561
2582 8925
790 8313
3677 4006
2093 6182
1336 2312
9461 6224
8408 4663
2503 4868
5408 9766
5902 9995
5912 1691
185 3363
4821 9607
5920 4870
2286 6211
337 8861
553 5806
2039 4040
2798 6818
1851 4399
1928 2399
2557 19
3079 1441
3928 9488
6781 8197
7378 7128
1741 4686
4065 2750
7676 2905
4241 833
4001 2613
4959 8606
6604 6855
2165 747
5529 2863
2425 7511
6166 2621
8181 1287
3469 9822
7448 3062
1751 3685
516 5023
3849 8313
8294 8019
5787 2110
3401 667
5327 5758
2997 5168
9951 4492
7273 2895
8459 4146
3666 8657
8117 38
927 10
9022 1023
6356 6991
5618 5174
7542 7636
2867 2929
7352 7611
6116 3405
4198 5759
728 9558
4323 2790
4643 6534
4497 9441
3249 6407
9337 799
2332 2229
3657 9389
452 4928
7900 5192
8513 5629
8486 5487
7240 8038
4986 5
195 5041
4396 8980
8807 7020
2608 6123
2789 2056
368 5252
4158 1626
7292 7633
9487 7615
8107 2572
4905 79
5767 2816
8209 5473
9593 8258
7331 4781
6619 8922
8940 5225
8598 9093
5850 7816
2489 5642
308 5022
7520 9879
4475 7054
6668 1185
3541 2567
3705 5850
1796 4259
5301 2970
2088 114
4817 4229
4811 1095
1695 1578
2511 13
3887 3624
2725 2619
3314 5281
2528 6000
4495 3975
7972 1138
5782 6112
3448 4636
7301 3806
5938 1418
9092 5753
7678 7949
5425 973
2564 2740
4972 9682
3505 6740
8791 1623
4079 3324
2078 4092
1673 1681
6955 7589
6637 8224
6993 4553
9809 4776
5908 8849
558 585
7244 8019
4289 8635
2714 3754
9919 2783
598 6732
8522 9448
3148 6487
6531 8969
7622 6926
5211 8409
476 6540
9874 2081
3335 5846
9448 9901
9838 8303
5334 4789
3440 5081
2264 9232
3972 8651
4729 6959
4660 4746
9243 3260
2027 2687
273 7711
8411 820
2509 7138
9836 1828
2300 9835
9244 6031
7405 7470
1483 6583
4992 8606
9949 6081
2702 644
8747 2862
8030 7031
3744 892
7509 265
8753 1866
9058 6752
8946 1257
8625 5655
7197 9439
6890 7031
8369 9907
884 9192
6651 7778
8219 1096
8408 7182
3418 2175
3671 1850
4112 8919
2995 5974
3062 2953
6418 3594
3882 1
2175 7970
8717 7680
6505 8997
6228 8179
9978 2492
6303 9249
5028 7367
9358 841
8793 7336
5015 403
6235 7210
5732 1107
5697 3868
6396 4405
2866 9286
6759 5728
8731 1566
7356 7067
1041 5132
7812 1524
5594 2713
2452 8687
2712 906
4905 6515
6964 8696
3275 6034
7812 5815
7610 3908
5092 6341
2867 2762
1558 9413
8304 7220
5961 1308
4563 2538
6837 186
4268 5942
6714 1775
419 5826
2058 147
3608 5571
5203 2507
2627 1567
2906 2564
4842 2532
4551 6544
8765 4854
1451 7187
6744 3853
228 4109
667 1772
2526 9216
9309 4854
5035 9349
8563 6074
9541 9311
774 7628
8559 5278
1861 9225
6291 2522
76 3230
5318 9039
9706 2980
8833 1951
8896 4916
7460 9323
2491 1119
5982 6193
5999 2307
3813 3432
4320 6046
4980 2907
5368 5297
5638 200
7440 2457
8960 369
5247 8223
8633 2824
9950 2248
106 6483
3675 5431
943 930
9198 7892
2763 2293
8901 9446
5633 926
5793 8101
2515 3273
7793 9429
5115 7527
6509 7121
1977 3215
434 1679
1549 633
787 9884
82 3124
1893 5033
6948 7381
8316 3601
9686 7914
5253 2228
4308 2964
6806 8476
124 6880
1416 8288
3277 2118
5213 3115
5048 5064
7836 115
1884 7730
5920 571
1716 4819
2675 1452
5191 9594
890 8878
7201 2666
7999 7629
3520 8625
4666 38
2080 2755
6807 99
7368 2793
2576 7929
7647 5017
5585 9470
3718 991
6667 3379
9821 5502
1732 4033
1056 7301
6853 8830
7640 3132
8476 8803
8992 6386
1174 3005
5665 5973
2447 5202
9139 5314
6399 8225
915 7492
4072 7536
1734 2845
1347 7141
3927 3090
9062 5989
6180 7443
7095 4258
5346 3882
5660 564
8021 2732
5429 5989
49 2575
8065 4198
9344 7892
7658 5662
3477 2395
5836 6199
8755 5274
5752 2631
206 517
847 9014
6321 5834
3794 640
6984 7028
1170 5693
2828 2165
6222 1949
6573 7879
6245 9700
3939 3218
4938 2721
4500 6723
2403 22
6916 7367
4744 113
4677 2292
6439 3791
5879 1849
4730 5083
1019 6310
9528 2943
5143 2131
2534 7640
5331 1668
6880 6237
230 1809
2776 9302
9592 1359
4975 6390
6711 8500
3051 3158
5228 6233
9598 5123
564 8117
8885 1374
1417 9119
3571 4216
6249 4176
4777 8141
7762 7280
3276 314
2635 4419
610 8931
8469 2469
4627 7610
3041 7286
8464 1602
282 4143
7513 8225
8517 5702
6737 3163
1042 4562
8965 4471
9638 9763
4902 4917
5797 9860
9543 7322
2012 6202
3720 7677
4022 5447
2344 8292
8231 7637
7432 5526
8291 2377
5074 9043
5621 8661
5355 34
4867 9573
1090 1544
8397 620
2982 7926
4740 4808
8575 9144
6414 651
7971 454
7592 8645
946 2144
144 5609
3202 740
2150 6843
4375 1848
454 9802
6550 7203
5478 8177
2345 8376
8064 6685
1403 6589
1813 5610
8675 9800
357 1828
2965 6513
6062 5281
4020 5636
1827 9039
5786 2323
6945 7654
5562 6285
9781 4258
4954 3182
7861 3227
2631 3183
5424 8401
3908 2818
5767 8770
9289 4037
2515 9524
2799 5578
2899 4128
2476 9828
4095 3268
7550 7094
4041 2584
1670 349
1097 3779
9530 1621
8607 7335
3242 7630
7122 4205
8943 4010
7347 206
195 3721
2581 2757
8982 592
7891 8376
5577 7428
4784 1637
5663 3801
5473 2766
2549 8608
615 9597
7802 9247
3414 9232
4227 2226
7603 8481
8424 8347
5260 9111
4120 8031
4426 689
3899 9566
6992 5038
231 3124
4660 1783
4179 6866
8987 1542
3406 5
1806 8592
9590 8768
4478 4018
7058 4802
5332 5981
2717 4531
5077 8364
4845 7747
1187 4344
4095 4678
9939 25
391 4738
89 6233
135 6693
9732 198
7525 1998
2036 6803
1905 95
3081 7544
5478 7806
6817 6368
2758 3674
131 6163
6902 7595
225 3499
5932 3887
3649 8005
2608 5344
4058 3227
8739 4451
5526 7680
3173 6293
545 9066
2361 7921
942 7547
1794 1321
3045 7571
2165 6998
8107 1102
7357 9294
24 8344
7733 1185
3580 6059
710 5022
1714 9386
8404 135
9446 5696
2917 4088
2930 1120
9628 4774
8614 7746
9909 2314
3911 8790
7692 5542
2405 2709
3631 584
9173 6824
7002 6702
3849 2891
431 1246
5194 7098
5794 7048
302 7239
3837 9231
7388 3054
3574 6932
4880 8350
1568 3029
1322 4045
7154 8373
2458 6017
9314 2516
3168 8617
8888 6331
7918 6307
7227 7439
611 4673
2766 2559
7941 5611
4283 2303
1972 2730
5255 5103
4841 2466
4093 259
4928 6129
4113 8800
2100 2029
2268 9180
4963 7424
6928 4508
7303 8523
3713 7092
9912 1130
9078 3262
1266 6080
5294 653
679 1837
4484 5158
7363 6665
1021 8844
6353 9915
935 4662
2704 1523
3102 634
5403 1614
2803 9917
323 5529
2253 7755
9011 649
9901 7358
5645 4257
2722 7956
4168 9136
6527 583
6380 8588
260 4894
8252 9743
4799 3473
7928 1765
6967 6649
9463 1779
9438 8388
1700 3538
5619 6217
8135 1329
7650 212
6152 3265
9623 8557
8629 3576
8639 6941
7591 7305
8994 8284
5117 3496
4696 6669
8729 1596
5156 3102
919 7654
22 8709
6896 3959
2456 1096
6517 6897
5114 8101
4590 9136
8268 8623
7115 4896
4768 5729
6412 9476
4918 1770
4868 396
6755 6802
5842 9276
6886 5455
5757 2405
4672 9461
8382 973
1015 3920
3301 1122
2484 3207
496 3936
9123 1508
3038 3060
5633 9617
6744 7694
4359 4455
8536 6647
8556 6077
4244 6449
3096 3596
6588 3347
602 5739
6816 4078
8681 6988
7551 1827
6697 1625
680 5227
8668 4815
9473 1567
1337 5407
1436 2338
5054 6251
9205 1644
1246 19
508 7428
1503 46
4106 79
1473 4918
6615 2400
4022 5836
3313 973
1000 467
1680 1244
6193 8636
9548 4793
4859 9500
6557 706
3619 569
4844 3792
8173 1373
5065 8016
2713 3108
2321 6173
1479 805
8451 4865
382 3438
752 2601
9296 5829
2656 6973
4420 1554
5134 9633
4054 2925
677 9802
5250 2975
3751 174
451 7996
9914 9482
7287 2030
754 892
1124 8470
8680 4353
7737 5791
1773 9123
5065 8920
7028 482
9630 3958
1336 5732
5450 5780
8773 4552
7573 8610
3489 8927
521 6648
7694 5027
6653 8367
353 3459
8908 7404
524 2676
52 4737
8436 1728
2868 500
1481 9495
1163 9523
2960 444
1902 3015
9101 7739
5906 3587
3238 9209
7029 2189
1297 4675
3914 8574
8390 963
1533 7152
558 6154
4574 1548
5741 411
345 1413
2425 7175
4927 1178
8923 2669
8270 8514
7964 5652
9621 9564
5253 5770
662 7663
5380 6705
3802 9035
3495 4537
2472 1499
9744 7225
7258 9791
1177 9369
5378 2340
480 7472
8837 6187
7665 5422
9550 7777
4933 3604
5535 7954
9199 4584
3288 5711
2428 2012
568 6946
3455 138
2019 8694
4601 7823
7510 14
7151 2542
9993 4744
3350 9768
4207 9838
3858 8576
9208 988
4112 8713
7242 8942
129 761
4330 2213
4871 5417
8184 8670
6031 3504
7783 4538
5175 8851
5481 7406
4116 8486
7661 8874
3512 3606
7785 2218
6253 6235
4887 6036
508 8405
7907 9473
2841 3125
6443 6250
9385 1110
1201 5784
1327 4701
9666 2150
2307 824
2267 3252
1202 3574
3960 5512
5545 4291
93 7872
1246 6247
6174 3607
9923 2155
3530 3163
8306 2399
9939 354
7783 3313
627 5815
8602 9098
9116 5574
47 782
1478 2495
9513 2333
8673 2332
3621 8253
1032 6438
8124 7178
7724 6828
6499 994
5890 4607
6392 4817
9218 4386
2238 7907
2618 4335
662 6163
3379 8819
8425 9969
3274 9147
4191 3313
6289 682
4275 6906
6446 7315
301 9570
8334 7169
4829 1611
1893 554
9334 2164
245 3161
5835 6903
2121 5238
870 9931
8484 5723
6652 1268
3200 8439
8095 5197
147 6418
528 5244
4314 5365
8916 3702
810 5031
6425 9889
2492 6308
2085 6888
4317 281
9256 1790
9054 9480
341 8168
9287 8742
8603 8263
825 8694
3625 4581
2408 6811
6878 2760
2558 9442
1529 6125
6912 1276
6704 5487
6874 9324
6385 1029
2563 7974
8839 5407
8888 4981
2067 1804
3951 8873
3846 6279
1058 7342
9077 8163
1650 4458
6704 8816
1751 611
3378 4245
2789 1410
6040 5236
1696 2639
3513 181
9021 3922
1517 7698
5679 6323
6197 4523
5415 510
5746 7376
9206 9173
9353 2338
4943 8524
7095 943
3293 7750
9771 3354
6252 741
5740 6425
5247 3011
8778 1417
7704 861
5075 3463
9564 2232
1171 3828
6823 6093
5226 6274
2466 8340
3426 4467
3511 3546
2288 9477
9904 7409
5510 259
1012 6712
9855 7525
9281 535
7463 3675
7932 5889
9267 2424
5893 4362
7248 1168
6234 1052
1121 8527
1372 2573
8736 6097
2228 9711
9723 4510
4646 1800
1387 9235
9957 1561
2480 5780
266 633
8856 8481
8986 1744
2343 3672
7849 6579
7285 4551
4843 5793
7118 1757
797 1088
9006 7012
7710 8964
449 8612
133 5749
2699 2660
9958 7894
2270 7615
5993 6710
3733 1835
8627 8117
3150 1881
2558 54
4268 709
5727 687
1004 6953
9991 4417
5749 4537
3584 201
2450 6936
6858 975
2799 7899
3401 3390
6953 7526
1167 4022
3241 630
4156 2499
6685 2450
6909 3153
1952 9266
4804 8363
6675 6203
1992 9457
1154 3948
4615 8182
2489 34
2599 7664
5537 6612
1052 3314
9467 4063
9089 5162
7677 996
9905 6961
1696 2297
6389 2416
93 7266
6975 8896
1629 8982
5204 2389
3773 5484
1922 8043
5962 9607
7063 6400
5096 1840
7939 2751
8709 7034
7040 6038
7408 4348
9964 6309
9778 7449
1705 2359
6630 2185
5603 2807
5954 9040
155 403
5024 8496
7574 8963
6945 2780
7785 9013
6290 7112
2038 8314
373 4201
9173 9416
2983 7755
1909 9066
4410 656
2143 6571
6931 7302
5506 213
5228 5068
4430 368
700 3088
7015 2712
9037 6327
2563 4870
4253 6464
8038 1357
652 8073
8836 5769
8077 5755
318 3547
4747 3994
7645 8303
6474 9010
4676 6491
9441 4749
1525 615
2979 177
7067 2516
3714 811
5276 2075
8365 9120
8383 1777
9543 6015
1306 7500
1913 7286
5900 5741
4516 6879
9279 4167
8256 7598
6432 6863
6798 918
1294 4459
1522 4713
44 4312
2807 6647
9965 9251
333 6064
2922 6006
8803 4036
71 5505
5521 6616
9874 9131
1616 3094
5973 2773
534 2617
3016 6663
2654 7225
5079 4805
9561 7962
2359 7336
9454 7433
2436 6759
7018 700
4112 2928
9133 8505
859 1863
160 5387
3672 9459
9193 3161
2746 9154
2340 2898
8980 1643
3471 9874
3022 3449
4683 2683
6390 2195
7793 575
6877 2319
7771 3984
6511 7552
7816 2630
1487 1856
5403 3906
2866 1222
2221 5536
7283 2267
6558 4899
2964 3728
6373 7961
1307 6339
4830 8913
5061 184
1048 4649
4445 5388
1990 6420
7168 5914
2588 4357
3064 369
4549 867
5394 2137
8355 2690
6396 663
8326 6525
2081 701
7028 7175
8915 1803
6136 6061
9940 3489
610 5478
2805 6139
9845 4687
896 9670
6166 1865
7344 5317
6356 9392
2967 3414
6570 6828
9730 8171
5071 2202
1076 3657
4566 4118
3006 2485
7446 1149
8452 923
8087 2290
4744 4052
6191 2769
3214 8302
1405 3148
5813 749
6024 8939
2965 5610
9195 6005
8241 8085
5327 7278
9687 6616
605 6449
2919 7847
237 6326
9016 6990
3692 389
4865 4441
7400 70
1596 8417
7852 2988
902 6071
2040 6129
5988 4627
6930 1043
1650 3312
2017 7521
828 1468
1652 9349
5054 7698
8076 9453
3781 9333
5416 9539
3793 4585
775 3155
8403 2457
3993 1571
3363 5632
5736 229
4508 6559
8322 9920
2668 7100
8478 1600
9156 5607
6338 1702
6359 3042
5156 43
1925 7241
6087 8216
8635 4035
9882 258
2998 3911
8845 5964
3529 9744
7795 890
2773 1206
8277 3370
4839 7167
3713 374
7540 4842
4115 3494
9159 6081
6872 4692
9891 5516
7647 4933
6058 3851
1983 3036
4393 3860
3809 8954
9693 7920
688 2669
7346 5925
4492 8763
6547 1692
1295 7235
2692 5802
3736 122
9510 2844
7984 8259
7414 438
6520 4767
6447 2354
1752 7172
9234 2224
7255 8431
6798 362
1467 8405
6844 9285
3494 621
6759 8673
2407 4221
4765 5802
5687 6639
3998 9399
9705 6048
8552 8837
9759 3131
487 2678
7564 7788
7134 1172
2107 2915
4162 8435
9943 5953
405 6759
5812 5997
3031 8445
4785 6435
1551 9819
4263 6610
4128 618
5101 319
8433 6356
9786 8122
44 8948
3655 5969
3211 7349
6283 679
4480 4730
3611 4389
5751 8411
2261 7138
2373 3833
4145 3805
9101 2994
6783 9642
4237 623
8898 290
4610 2263
9683 3521
7875 5606
9229 9957
3420 7222
2612 9724
3571 5642
5047 5645
7944 318
566 4339
9695 1409
6283 7301
7269 6437
6270 3438
9949 6727
7042 2893
9030 6692
8862 5197
9681 3730
2079 4461
4483 1760
8256 8952
6392 5576
3160 7166
6165 6283
1902 3562
865 6742
2338 4094
3551 95
6574 548
2160 6672
1625 2801
5542 6035
2205 9959
9277 5830
1670 7429
96 6593
678 9436
256 8276
3373 3999
992 5686
5832 7154
6539 4644
4730 266
4812 4459
4749 3931
5384 7967
519 1320
9924 3217
4043 7794
7149 102
6306 9299
1871 2055
6390 9430
5438 3406
2245 3927
4233 7187
4081 6153
76 5627
1771 1807
5823 4934
898 7009
8004 5250
89 5809
2690 8379
8628 3704
2670 3493
7796 8532
873 9881
1678 192
4883 452
642 729
9121 7499
6973 762
2327 8372
508 5608
5282 546
3483 310
1199 8888
3476 2097
9206 3069
1591 6288
5197 4453
8780 5281
7234 2941
2642 9737
4150 1196
7766 208
402 424
4966 9956
7364 599
9454 5701
1678 2921
1795 6744
9949 5772
9006 2594
8277 7010
8528 4719
5037 3518
3 3014
8939 9283
8612 2209
7580 9838
2003 5922
3733 92
280 6745
1853 986
8673 9579
4662 6685
364 9825
1895 6063
6745 3405
6826 86
9235 3621
143 8834
3246 7673
9239 2583
3639 6010
635 9230
6871 9663
9761 7578
8957 8037
8128 6899
5558 7389
5189 9076
2084 8027
1207 5532
6543 7564
2362 4006
1309 7982
7486 4288
6665 9808
8975 9156
8730 4070
1250 2793
2323 6752
4140 3942
284 7761
5913 8024
7882 2687
999 4245
8352 8528
8656 428
8859 4236
8175 7719
3312 3876
161 8430
4561 3460
3813 9857
5392 5967
9433 7130
7894 3200
6233 3752
3971 3012
1253 3839
1817 1339
4039 9195
1492 4210
3166 1239
1886 9248
5890 6035
4227 3604
2976 192
8970 7666
5966 8786
8012 8706
6101 1604
7712 8664
4229 6140
630 931
2538 9681
600 6725
8215 996
9536 5278
7238 1378
9784 3798
799 739
142 8904
686 4081
8060 6032
2800 8209
4075 4131
5046 9958
3282 1282
8282 7472
2208 8484
854 6247
8670 6510
664 5189
9021 4642
391 6987
2485 9703
7135 3904
7241 1960
7341 6348
947 8743
1513 1367
8534 2385
3964 184
2178 7576
555 5141
1655 1928
9881 1466
9750 9715
1739 2740
2310 1574
6470 3255
907 3302
2923 4290
2707 5168
4083 9960
9738 5508
4679 9596
7012 8505
4161 2990
6947 4633
5487 6412
316 9386
6124 6556
9689 7157
7069 4690
3323 2011
8261 5751
690 3085
3210 6803
9244 3056
7506 8128
5311 6336
1302 9679
2975 6632
543 7497
6071 5144
9392 5144
8391 4100
2171 6771
2583 4994
6313 4017
2971 7635
590 5728
3301 910
3443 4036
5942 5716
2005 2127
5250 6983
3308 8934
2556 2608
1143 2981
446 5941
8566 2507
1766 5736
2593 8419
4497 3357
9094 7023
9340 5371
533 8572
2803 2734
5272 7070
5370 3214
3227 3579
2801 7401
7901 4237
4150 198
1616 2585
4412 7552
9065 3960
3215 8596
3550 8119
572 4960
9375 566
8986 6969
3124 961
5097 5667
8834 4593
1735 9300
1209 3361
6098 8928
2549 4544
123 9924
6495 9585
751 3365
4005 5177
3028 3831
6741 2509
6154 1303
5432 2837
9904 8261
1160 8513
8920 8316
3895 2344
6446 3735
6552 5235
8164 2769
9682 4369
7272 7911
3730 3730
8675 5125
7422 4949
2889 2738
1412 2650
2470 7111
5645 2108
4586 5334
9825 5244
7954 4122
7001 8435
9662 2241
508 4971
5893 5203
1992 9818
9787 7179
9032 3129
7114 3125
8205 9748
3600 1896
2924 6600
7933 3037
3605 9834
2910 9727
539 5666
4590 7
3349 7315
2657 5852
1316 7277
8865 2266
8249 991
227 805
8788 1195
7948 6808
7105 1648
7112 1520
3310 3841
6234 9722
3940 9896
2256 2417
7930 4338
9865 2351
1205 4577
6403 3630
8006 8644
5353 7462
6434 6877
464 8103
3927 3718
4535 5836
5081 9152
1484 870
6687 2372
7666 3599
2496 9833
442 1310
8742 9496
1430 2631
9666 4159
726 6900
8288 105
7622 816
3945 9961
447 1423
8965 7479
9913 7412
23 6874
3624 7155
9667 5832
1986 7363
4132 5148
4853 2217
6432 3118
8501 7761
7572 4178
642 2062
7614 5686
9739 1324
5871 9558
5345 217
3347 2040
4627 5914
6425 1032
6416 7941
5935 5628
2540 9001
366 2415
5315 6519
5476 9390
8039 7613
2710 1106
138 3740
5902 5744
3100 3626
8781 7743
4237 1804
7665 1705
7154 5348
7219 1957
3479 5013
3081 8695
3842 6255
8135 4122
1248 5977
9190 5499
4605 9197
6632 6104
1378 7441
8499 1219
5584 3871
309 5029
3918 2314
446 8722
5962 4523
7700 1198
9133 7075
68 543
4975 2661
785 1633
1296 2037
6478 9565
9445 5826
7397 570
880 855
2672 339
468 9514
7772 7104
8023 3928
9148 9656
9267 4209
5532 7449
8339 4871
7892 4712
8528 8534
7190 4756
3295 3575
626 3394
6624 1720
3643 5259
6001 1097
3924 5662
1817 5224
6057 1386
5777 5994
6745 4711
6445 7819
3698 1384
153 7265
7086 7135
3152 1533
2759 2252
6756 2896
2403 5296
333 1876
9008 1073
2407 5083
3542 4264
977 1316
8541 6300
4822 9954
8332 884
7026 8045
1507 6907
772 6644
7763 5335
6171 73
5964 839
87 6369
5234 2877
6899 4844
5108 6623
8181 2883
6068 1823
6914 9292
8300 4591
1887 7200
4634 1249
9360 490
8246 3431
6437 6303
1739 3987
7538 429
4343 8256
2384 9370
4082 8399
8876 1000
9170 8846
4636 3197
9363 4047
6642 9028
7983 2663
7698 954
3780 8537
3756 3769
6215 7033
7776 5588
306 6408
6194 6939
7226 6151
9980 8581
906 1620
7093 4832
6835 7567
9650 9153
6677 6632
3094 9350
7437 1718
1240 8721
546 8094
4045 1490
5232 3163
6573 1058
5360 938
7392 7605
6968 9009
5754 2894
7421 4673
4006 2108
8397 7784
784 2525
257 8116
3435 3101
4374 7496
1906 2045
4464 6955
1284 8647
4184 6386
4928 4931
7203 3727
127 8788
9646 927
6516 1983
5213 5318
1127 3990
8573 5702
6668 3811
8252 4947
9175 3692
699 7852
531 6270
753 1683
5286 8278
7010 3858
7412 2739
7862 2258
3061 2160
5415 7490
6417 4611
5849 9618
2436 8163
5201 5815
9902 3272
3031 1091
6057 6594
4032 9598
3489 3649
5128 3716
6854 7678
9147 7027
6545 6163
2959 3928
1130 374
3946 2400
8734 1632
9021 7555
3501 8663
1374 9177
877 8031
1558 5632
1729 1584
4699 985
2697 1507
3493 1854
3426 5621
3844 6730
7695 4434
1994 6013
6582 5905
9736 9440
2560 927
1052 1969
4250 9674
1490 8892
6318 5444
4007 6070
4749 2170
6500 7358
2106 6990
1188 1986
5290 5766
6855 2144
2477 7916
5157 6722
3963 9609
3436 670
5407 6544
2895 6551
8951 6545
549 276
6802 4968
5544 6916
3906 4280
1869 1203
3710 5039
9109 6332
5038 2218
866 9531
1487 789
2694 8175
9395 9199
9141 8995
5192 6236
665 4828
6809 5902
2498 8736
6906 6559
2072 1856
2661 6988
5744 4660
5815 8665
9031 4302
8823 8753
2404 4013
8710 3666
3215 4014
9657 5630
525 4165
9393 824
6297 5627
7918 6942
2642 6603
7205 7815
8948 466
9990 8563
8283 7220
6606 4283
6465 1837
8133 19
7309 302
7562 5299
1399 2095
65 6232
8454 6217
3449 1768
4252 6377
8704 1772
1054 5523
1008 4699
9152 2916
3286 3464
7641 5596
6033 1501
6832 5613
9937 7195
1116 6186
4553 9066
4438 3304
1051 9471
3766 4609
1576 9317
9962 6868
4818 3459
8111 9896
6324 3207
3468 4911
1403 2765
5271 3709
8655 908
344 1542
2791 4909
5383 8492
3147 6564
2753 3028
9312 4734
3576 1204
7493 3888
6196 330
6073 8249
3466 820
2982 5061
8778 2471
5967 6141
5232 9019
7613 6223
7786 2609
537 9785
319 8551
4129 6820
4639 6502
616 1507
4397 8134
1274 6977
4553 1564
703 5867
2586 7118
9283 392
6795 7389
5837 6929
638 297
6757 887
4800 4268
1171 1056
2131 5291
9366 96
5647 7699
2114 3122
7422 6817
6969 3530
3105 6475
8075 6126
7094 792
2753 6313
9518 2248
2395 6161
8514 8726
677 9235
7597 4453
1000 4639
3145 5919
9002 6846
9943 5125
4156 4307
5654 2586
953 7670
4078 8316
7371 2679
4024 6902
3900 4090
2316 557
3096 4753
9446 825
45 1894
7091 6934
2545 87
9226 7626
6013 467
331 270
8676 6999
5374 7707
3046 7216
3850 6939
678 4011
3709 6052
9793 7303
3023 7144
5929 5953
1356 9859
153 8769
8813 7976
383 8389
104 4929
3899 5332
5344 871
9936 6616
2897 522
428 3766
8530 1539
8631 6016
1892 3475
7905 134
3065 8628
4885 2252
8217 2953
8969 3680
5069 7141
1098 1553
6079 639
2724 1909
1363 9589
8103 3939
7561 1125
9411 5775
5607 8068
9528 5804
7901 6091
9042 3115
6271 2258
9129 2180
8909 9189
224 4877
4681 3680
2472 140
5160 935
8973 5673
7800 6803
2136 9711
6961 3806
9572 5057
6919 4375
4442 846
1100 9495
8149 6951
4604 3019
8984 508
3140 258
2026 5390
5694 1075
1019 1372
5934 3350
2350 8538
6487 2115
8235 2595
1089 366
5918 7194
4156 1447
5319 3223
8539 2128
3896 4355
6448 1074
2586 6919
7266 7473
8614 6405
3480 5582
5085 1156
9510 7778
8029 6892
9763 3272
1776 463
1623 8599
7386 6469
4145 7378
8764 1301
7617 9091
2218 1026
2136 3884
8536 8183
6267 9104
4928 6670
9491 2569
9118 2474
565 3746
7528 9891
6976 2799
2025 6368
4394 4040
9866 1030
6195 8272
7016 8709
5708 2778
4860 9285
1963 1129
8062 8648
8946 5972
2975 3789
8363 4276
3905 9421
9389 5384
8876 7547
9797 7081
1580 2394
1310 3825
4727 3540
5643 1573
3830 5413
958 6372
351 6373
6963 1493
1255 9597
7166 5946
9410 3418
6867 7018
879 5135
333 153
8449 5980
3958 5764
5837 3455
3736 7001
1101 3510
2453 1083
8480 7514
5435 5507
3732 7828
379 9286
3844 7442
619 1771
900 5531
7219 7401
9816 6373
5877 8297
8195 3391
2997 3950
342 7763
202 194
4643 1798
5767 7388
8698 3008
9731 7552
8301 6329
7602 4676
8821 8925
533 505
8190 5386
9626 8827
8378 7807
735 7329
3573 9451
7704 2749
219 7196
1146 695
9849 8031
5692 6937
1054 1163
5928 9355
9066 1642
9264 6841
5329 6206
5916 3496
9975 5650
9818 2674
3401 1200
3669 6048
7114 7278
648 1764
3969 3309
6651 7335
9130 1438
1037 7170
6374 7483
2036 1354
5130 6678
3401 2559
897 5362
8461 509
5378 6601
8635 8649
501 3956
5206 3700
7782 2272
5571 7096
2543 6519
7653 9096
3894 893
2170 2125
2032 6481
2726 1539
9869 4561
7093 9137
9594 6633
245 2185
1387 8704
6384 2126
8530 7325
9676 3995
2784 22
8447 5658
1148 6215
726 1558
4010 4536
6473 7073
1836 9790
9634 4706
8516 2533
4275 619
9288 926
2593 5627
6399 5191
383 3029
4783 67
3560 796
9285 7393
9228 8183
6016 1129
1183 1869
233 2048
30 935
2723 3044
7340 5048
6026 3926
2645 7494
5852 5429
6760 7578
3653 6135
9609 2891
2108 3626
8613 1728
9940 589
6183 4396
2055 8059
7757 543
1402 1014
1051 4503
6628 7095
4989 2625
1017 8439
7848 5317
4989 3961
8124 9076
4882 5336
9848 8130
8274 3324
3121 4023
9778 7008
5384 7835
6487 4088
7243 7044
866 7367
2056 2935
2305 3317
8252 4536
4431 9748
2853 9935
797 7110
5055 6565
9894 4031
5480 2592
3300 5246
3312 715
9477 3303
8712 3273
9336 6779
9177 5559
4983 5242
3395 8574
7513 8953
5870 6741
1592 1340
9907 4109
7949 6292
6787 6873
3124 6825
3275 9683
8096 8054
4267 5468
4204 5282
4666 1356
9363 5002
9053 29
4383 8792
7685 3785
3631 8483
1770 6779
7150 1174
8615 9157
6587 4919
8761 3449
9473 7414
1746 7300
5406 5224
8434 8095
1968 3531
2806 1679
9490 9616
1081 2188
8608 4744
89 4159
3324 8659
3696 8232
4290 2887
5558 4175
6893 1017
6722 5860
2290 4124
2908 1240
4618 7723
8893 1706
8820 2498
9044 7874
4451 3039
722 1420
1249 3739
5612 9578
5457 82
8460 448
2235 2504
8535 393
1531 2328
1911 9136
9308 2895
4662 3483
3422 6960
4910 8936
3033 4221
6247 2650
238 4036
1811 2954
8622 1792
1094 3369
9820 9897
6246 9034
3890 7362
5445 914
2497 5098
5139 5575
8864 9656
8178 4589
1787 1112
8652 1695
4718 1058
3466 2974
1297 4073
7505 4906
9254 3629
8408 6995
5117 184
2726 8501
945 7944
9909 3970
8267 1059
1177 2836
3410 5019
3233 4868
3486 5990
2034 4282
2061 5234
7993 5647
5770 6311
7681 3561
4657 7779
5820 6089
4778 9935
6168 3509
6491 5749
1812 5276
8831 3471
8623 513
6015 8318
7632 9777
903 7520
6645 1351
448 3983
7589 9235
5464 9522
453 7362
3809 6461
3801 1463
8143 8904
8199 8871
3633 5516
1320 5103
3720 2784
5715 1530
4478 3401
7620 2589
1633 9309
7890 7584
2570 9179
6601 5146
4049 6191
3443 8469
2706 3098
201 1502
4459 9272
4732 6673
2740 9597
5875 8973
8563 4298
2457 2619
7602 4842
3323 1709
368 6877
3182 2767
7409 1054
8007 3900
1286 3946
6419 7908
221 7156
8553 5194
2963 5606
90 5039
6962 5987
5634 6268
778 9778
6250 2054
1570 8329
4413 8678
173 8035
4845 8410
6466 3613
2119 2086
8645 2158
7729 2903
9933 6116
354 7798
8446 6442
3347 7002
1757 7575
6827 6119
5421 2077
5915 1490
5452 1531
5018 6757
501 9452
6989 8838
9399 1724
783 6335
4539 5115
1519 5494
5281 4655
5467 1898
5957 6096
9822 7565
211 2102
1492 840
9059 8880
782 7824
3623 3303
8750 4822
3755 6894
9295 9048
5230 2804
4651 3722
8382 2898
6286 7268
6645 8462
1013 5773
1735 8919
7858 1453
8920 1028
6338 8428
387 5738
1180 838
4612 9101
7654 3305
9905 6837
9680 5418
2087 1044
8263 5568
8969 3786
9477 7902
6933 321
6613 3879
5710 1884
2716 4234
4990 7934
1050 3193
2589 5319
9288 7111
7937 2032
6730 1560
9599 9743
4290 3600
7680 420
1326 6275
3131 1843
3503 7039
9993 7551
1691 876
2177 3991
2080 5160
6771 7852
9580 3802
2266 3862
232 5519
715 8714
8843 7306
1658 405
5300 7422
701 1080
5617 1528
1322 7665
2182 7753
6753 1590
6603 8792
3670 5276
3275 7837
4605 2450
6348 6746
5524 4989
2513 148
9890 7814
9706 1702
173 3991
354 6188
3663 618
5848 9436
317 5887
2685 4362
6534 8377
5347 6326
7189 4415
4627 5547
9553 7290
3650 6475
487 4517
9355 1124
8522 988
1781 1955
1394 5398
691 8203
8647 9157
6742 9470
9249 2165
3534 9863
935 7658
2810 9552
5552 408
3500 8034
2918 2447
6125 4555
1821 5929
1408 8878
8811 1423
4193 4267
6882 6114
4738 7829
9087 3279
7208 7452
4761 9920
1599 3976
860 7291
1400 4133
8052 1765
7509 6943
1938 5056
3525 9341
1931 7987
8625 7125
4590 3499
4185 7101
3159 3658
4864 4050
4425 5722
5457 759
3180 3329
3566 1133
2611 9679
3297 6442
9407 6608
1960 4266
5610 7473
9795 2266
9396 7268
9971 9135
8815 3532
703 1421
7896 8670
8813 6045
2912 9078
1194 1035
9709 1997
8593 537
7592 6509
2657 852
9229 2082
8324 5713
2716 9024
7189 248
4527 8413
3403 7424
7797 5868
6873 6976
8488 3886
9944 9997
797 8937
1236 4051
8295 4560
7427 5065
889 2449
4345 9295
9508 2632
9776 7047
8222 9148
8167 4276
4898 1685
2251 1664
6770 4910
3308 5928
3900 7339
2086 2820
5223 976
1257 5518
8859 2266
3801 1829
914 9013
8347 4865
9447 2150
8907 8374
1059 9247
2458 5729
9299 3537
4844 1020
7998 1950
5173 1121
6941 9341
3337 759
6040 320
7979 9881
2645 4747
1859 6907
6666 3100
3183 5263
4397 9182
5745 1449
7191 7292
2228 2554
9945 8249
8900 7936
9681 6646
6547 4939
2041 4008
6795 245
7883 7892
3909 3006
238 7460
2450 1063
8315 4941
5922 5392
8777 1493
6130 3263
870 4142
4543 5152
3108 2562
2342 2031
9294 9522
6171 5866
9272 6446
934 8239
9646 6348
977 9656
8709 9434
3664 5257
8224 3830
3874 9350
5731 2204
1662 712
4601 2451
1671 2258
1710 681
2726 9840
7729 3999
1891 1784
7183 4197
785 4839
33 6454
3961 4755
4174 1855
7140 3272
6580 8292
6146 5049
4415 2137
8603 2770
9608 3161
5468 542
8063 1139
9198 6880
9538 8641
2496 4545
4675 7697
3145 1905
2388 3546
1904 8840
4939 5783
6035 9713
9792 3247
5488 1287
9696 3488
6955 6388
3886 6856
2560 8034
7943 4492
7034 8215
7306 4800
1671 9525
9477 6282
1193 9356
6030 7081
8841 8480
5664 2243
3434 1330
7976 2292
3086 6435
2903 3663
4954 8959
4883 3129
8731 4098
5018 6674
857 4223
1559 9561
9574 7962
4769 9034
1415 2868
6546 6895
522 3682
8394 8105
1337 2396
3772 4545
5221 1503
3530 3712
1742 7362
1978 9360
6440 7333
3134 6076
6790 6513
8763 660
1959 8164
4988 9667
6226 6474
209 4651
7248 1084
3614 7116
837 195
4057 4299
9174 4845
2072 8823
10 5280
898 7885
4751 9362
5274 9523
87 8298
8387 9784
5009 7398
419 7009
3091 4696
7805 1871
3912 5285
5533 4340
3369 9413
9305 5351
7946 8516
9072 9309
4085 6427
5739 5960
2374 7954
4363 6395
3245 7391
1949 2746
4810 8989
7010 2955
1033 1943
7343 2743
5164 5161
4112 4269
2770 633
4899 1600
3153 5618
2901 8460
376 5192
2108 8427
6750 6951
2115 720
6030 5338
1455 3207
3727 7846
6765 5575
369 5638
4169 438
2355 4618
5516 4860
7217 2229
4808 6219
4739 7860
8429 6946
1839 6985
5109 8072
9021 2850
1934 9596
4905 9388
9044 579
5790 4622
2232 2043
8524 1687
6680 1641
8411 1170
6180 7999
2268 9219
4167 9655
4248 9522
7030 4861
1686 6776
966 1190
2479 7280
9965 9948
9557 2120
2552 3951
5203 3672
1287 7067
1096 4394
7190 3447
5220 4455
8746 7307
8942 8053
3870 3174
4347 4523
1838 4785
701 8000
6515 1941
5142 4228
5093 3434
99 5018
9485 4858
3740 6438
1948 2899
683 3323
1984 2455
4431 1338
4431 6238
3846 2085
5545 4097
7607 9014
855 9255
799 4470
4839 3800
4969 7159
7900 4672
974 1611
5512 785
1381 2290
7871 8719
3202 5451
4405 6317
2680 4572
6281 5880
8675 2091
158 4544
8866 4595
82 9568
6435 3641
302 11
1806 2060
4010 3997
5589 1954
109 2878
6259 2866
6074 1513
3007 7155
6166 5771
3304 7923
7974 2656
5188 9563
1861 7912
3246 2347
2995 8947
5152 294
9497 8594
7035 8446
6668 2422
9232 4070
1673 9465
6009 2029
7742 1476
578 5946
9794 5076
823 5
7495 1517
5998 4703
8737 4175
3143 6779
1497 7681
1055 2475
7664 7062
7629 604
7424 2400
4538 3707
2995 8181
3506 877
5132 8280
2983 1
2528 8965
3720 7192
9483 7797
2401 7050
3204 56
7565 9094
1779 2463
1103 5650
6462 8427
3125 9898
5285 8237
4674 4141
1290 1020
9058 209
3328 3383
5192 7216
5674 8775
9601 1092
9594 728
8223 4496
1896 9706
2489 5560
6486 2734
6593 746
519 2365
702 6143
4416 6652
1314 306
6932 4547
4356 7091
8932 6428
8662 2246
5452 7767
4819 9155
4418 4209
7976 3445
7438 3144
1320 3063
1689 5602
6523 6357
4758 2800
7853 4800
5241 9946
8092 9289
6160 5985
2528 8843
2554 2771
6745 5723
9184 6610
3065 7784
7691 6345
9484 4257
9334 2796
3580 8606
6575 4485
5289 3872
7326 5713
3379 3272
720 2180
5120 3796
6780 3678
8506 7265
9381 6195
952 3388
8097 333
9526 8981
1707 740
5205 5881
1723 4414
4580 7022
4583 4410
3713 4643
5863 6366
251 3416
8577 7008
318 8516
97 8759
1655 5300
7758 9800
9643 4272
9853 2921
6765 7905
1138 8630
4257 3915
2637 6450
4005 5496
343 3483
643 3091
9110 3416
5785 8015
3392 8138
5093 6157
1450 9395
2045 1478
1070 2368
4602 4057
7047 5235
7118 9791
3705 3658
5969 333
3309 1413
3406 2991
6182 3930
8936 2676
5010 3408
1175 5819
4760 9331
9713 5779
3487 5810
5970 67
1854 9579
9574 494
2051 4599
6454 8071
2967 148
6591 959
6552 7016
8479 5797
1858 2103
3548 9029
7958 8651
2610 1819
2165 4947
3658 5336
4226 9301
168 6127
9717 4049
4563 8530
8949 4005
1245 5665
8106 6747
8110 7378
2630 217
365 1029
4097 1274
3263 5215
3508 9429
2347 5355
7052 4147
7854 8196
1427 9408
3214 8183
5747 7342
2362 7510
6858 8593
4607 3355
1986 7826
7019 7189
6138 8006
5641 3923
8250 8890
6826 4229
5808 9435
9517 3383
3997 7171
5631 907
5060 3703
2761 1523
9338 3204
2902 8925
8592 4927
5825 7479
7764 1289
5069 9962
1204 4411
6057 8142
1556 4735
4902 7587
1270 5246
7968 1835
9783 2249
2309 2269
1151 5687
6876 5955
1264 9229
2926 2649
5510 9424
7472 4305
1706 2842
8714 6477
8518 3800
6820 2915
2422 9794
6448 4740
9557 6724
2279 7908
9513 9724
9846 7601
9952 4571
204 2729
9143 4272
2360 7475
9808 4352
7754 126
8498 5351
8634 7012
2533 6499
2063 4187
7222 8515
4264 1804
7212 6218
8394 5786
6014 2319
840 6722
6663 7255
458 1721
5453 1637
7083 4287
2010 7631
4475 8505
7937 9518
6312 706
2933 2828
3302 2960
7864 5689
449 5318
6745 9557
6994 2265
6664 4061
787 97
7835 9369
5440 6082
3258 9761
465 9438
4798 2029
5714 6645
2444 9042
3709 9841
7029 2417
7726 3177
9599 684
1665 8025
2068 5213
8809 2864
9190 2937
3442 7846
6823 3768
2861 7442
9426 1146
7268 7590
9907 6322
5281 631
358 8974
1695 2232
669 621
8497 2347
9393 3617
4749 6703
5188 5748
1914 1391
8584 4121
2547 6180
7156 4267
7181 2923
2073 1668
2408 7370
5313 665
3147 2300
8607 6263
1339 6191
369 9050
8811 9413
71 3487
8510 4482
9613 5907
632 181
8832 8271
9530 3681
5045 9829
4096 2637
4120 49
1207 9372
3554 1230
6982 3359
3500 9745
3933 1396
7485 3921
8944 6542
7908 3808
4423 5854
5865 8160
5817 9739
1101 2928
2561 6126
1128 1023
387 5100
1175 7595
3965 3237
7772 6324
4960 1052
4068 8095
6159 8174
7415 5342
3644 7238
6456 454
6569 8103
3866 8716
4821 644
836 8128
7547 8379
2213 7734
4871 9808
6780 555
4879 3887
9302 1166
5402 1796
6760 1241
6852 4696
9442 6889
5590 2523
2432 5877
5396 8365
3152 9191
8407 5410
9947 2989
8745 4058
1847 662
326 9230
6904 8221
7435 8782
522 849
6795 689
87 1936
2633 1994
9043 4599
640 7958
8396 2737
6116 2754
5843 8303
2599 9829
6627 497
2937 4941
8312 8443
4542 5401
8549 5162
2906 4029
3462 8707
4008 4987
5137 3497
2428 3340
9515 3363
2982 3331
4145 1998
7583 3808
3554 1263
4184 8348
4743 8064
6867 5632
7588 264
9899 4599
4375 5503
4893 6975
6411 2384
6838 5299
2113 195
8059 5118
1475 7873
2612 7860
4701 319
1379 7127
1162 2521
1233 1493
7406 4986
3863 7772
5128 8735
2477 8189
390 9918
5811 5514
6026 4764
7551 9652
5882 4456
4640 6890
3689 6297
4561 9775
5105 9035
853 65
8403 8360
8603 3927
2060 8761
7151 5428
9623 6316
4874 3652
3327 9209
186 2621
9453 7315
3854 6212
4264 8215
6278 6028
5685 8721
3408 1807
9482 9612
7151 6047
2573 6349
5008 6201
8686 4893
6286 2894
964 5248
8566 7766
3100 3196
2661 5335
7067 6129
1543 7629
6576 5790
7390 4581
315 7023
6122 9401
7560 1511
7365 4838
7154 9086
154 5843
9248 6167
1014 1968
3202 4006
1053 7328
3440 1260
114 9188
6696 1643
3069 719
177 4109
942 554
7458 1168
9043 6287
8269 5890
2508 1320
1989 2655
5147 1551
2232 9413
9615 193
1688 9472
2932 7174
58 4640
1491 806
6975 2269
2429 8714
9889 520
9829 5127
8296 4376
3263 3077
9802 7130
2904 7466
8720 7438
951 2595
9189 2568
9743 2072
8926 4867
9277 577
1892 4867
4516 6238
4248 4902
2347 7364
9506 2404
2783 2142
85 5350
8998 678
3281 727
8625 1631
3666 6568
3389 6767
4477 8459
5441 4907
5506 1255
4285 7271
9862 2755
5221 6727
8016 3184
2476 5057
391 8547
1469 61
4352 8140
4371 8061
3884 4870
1559 5685
2889 9748
4883 4978
3265 2195
7410 1132
1507 650
497 8555
9594 4129
8984 1997
3514 8267
5626 6202
5224 424
5907 7029
2480 9234
5975 5742
2578 1062
8054 6360
7920 2410
2563 3030
2119 6280
1678 280
5819 8817
1312 610
1717 3878
4734 8115
8500 3829
2355 4826
3828 7408
7210 1579
2348 6185
2000 5684
1225 4185
22 6839
4786 6139
5730 365
8961 7532
9062 1236
7709 7314
9075 6647
9848 8984
8689 6938
9663 1099
8802 9873
1927 6968
8032 2823
4006 230
5034 9976
6131 2537
4726 4237
651 739
9918 4223
4011 563
5241 2601
789 9148
9358 2783
2155 8069
7010 7885
3423 3460
8897 2302
1397 6745
5119 6356
6527 4685
7728 1907
3356 3294
8750 3186
9157 1496
9064 3884
1075 507
5406 9047
470 9183
2132 9304
5873 108
6225 9379
6596 6346
5271 6229
9658 8951
2365 950
8618 6644
1086 697
2833 5809
3156 4595
8660 6560
9563 7689
8795 9561
6106 6973
3024 4691
9804 8403
9132 4338
5177 9387
2284 4057
8279 9119
8186 2369
1778 5458
8274 1229
913 8124
5643 5231
7164 6724
7926 3445
6091 5336
9071 4697
6122 8972
3434 5222
7613 9579
7713 9300
9242 4450
5508 8289
388 3822
7431 4786
490 3440
9153 1163
734 7549
9891 409
1438 1852
7626 2285
8990 989
6459 6337
8200 68
1927 5350
1674 1151
4684 5835
9823 9904
2437 1007
5263 2543
5963 5964
1143 2396
5410 1084
1908 3973
7465 9666
9265 8687
1146 4037
6642 9701
4277 5745
6313 4363
3297 5817
9918 6658
1614 1303
6394 2821
478 3531
9227 849
5837 9614
9225 4307
6015 3414
9870 905
866 2442
615 7371
9607 9992
3045 1582
5634 8423
6969 6554
3845 9304
7197 1243
7940 9281
9068 1447
8377 5806
8157 3587
7155 8779
3955 4381
6280 5794
1778 1979
9958 9460
3133 7548
4738 77
2138 6445
3256 7317
1213 9036
8464 771
4004 8226
2715 6427
2244 5498
6365 7672
1663 4394
4925 1995
9196 1660
9018 1456
6577 727
1288 4336
8631 9288
6689 764
4775 4352
5058 340
3057 7893
3565 3037
6041 8422
6589 7296
2648 1830
8282 6033
4722 9051
3738 7581
6817 9381
6094 887
8748 2149
6927 8167
4736 4355
3510 3682
4880 4024
5147 6398
9612 703
5242 814
5470 8884
9229 4066
6803 3848
4967 7460
6247 9497
3186 4601
4752 6508
1960 3428
6683 9030
5496 9204
848 6228
8000 8656
6767 1583
4325 3387
1739 5579
7369 4663
9629 3475
2775 4148
1422 8012
2026 7179
2404 6241
5820 3171
8457 8483
924 6705
6431 2175
274 2141
270 1337
5039 2350
7411 8133
2049 8846
6655 1668
6093 3946
6842 1405
4983 1788
1913 4596
1678 1336
4463 571
6940 9315
2420 8936
1265 7872
8671 3463
4724 4603
448 7325
7518 3248
7556 140
3884 9054
3913 2277
8569 3458
9726 6459
1500 9551
2947 3237
3536 5425
3656 2324
6798 7656
4109 7509
61 6928
646 2853
7921 3366
5844 3997
761 5403
5451 1316
2512 1282
3867 4963
8556 9834
5583 7162
8171 4784
4265 4667
1440 6501
4701 5278
8000 4524
770 9389
6704 4223
35 6303
4225 9885
8190 3423
2277 5695
511 9701
8728 3019
8431 8389
6640 6190
6503 8078
3138 7512
7089 1209
8763 4648
1393 1667
6246 8570
9417 731
5070 8080
6713 9191
3740 5636
8627 3064
8379 6824
8256 6795
7987 9934
8922 6880
8361 3154
6797 5790
9363 6342
2986 7169
1956 4774
1888 2055
3183 1531
5099 2759
5271 2873
3888 6601
5287 1833
8314 1805
8301 320
8315 7765
4478 1487
1091 1819
3519 3715
5269 2159
5382 3259
9343 5214
3543 2378
2757 907
8896 7489
5742 7800
6696 4543
9719 5567
8344 3010
7087 4201
7663 4692
6545 4596
5083 5762
9304 361
21 3351
6303 1519
404 2121
7375 9226
4868 5802
9666 4284
3396 6940
1212 802
3468 6744
2049 5246
8674 6082
9726 1784
2718 106
5246 3664
770 3324
1061 8755
7275 8090
6049 2781
2433 6932
5037 8514
785 2516
9417 5712
1105 1253
1176 7807
739 5978
5174 8436
8046 5215
673 7509
1236 9648
4486 9203
1254 1768
7252 5043
77 8031
3674 7328
2320 7574
5037 9111
8910 7626
4374 5430
7450 8582
3278 1072
6590 1360
3865 3614
5650 5761
4479 8841
3746 8832
585 5163
8502 727
3619 2670
4945 2437
6001 1134
7161 9478
2717 6991
4805 9818
6378 3674
7957 3060
7377 4990
2366 8391
5141 3152
2135 7134
3720 5266
8459 3310
1767 3691
5031 1267
9851 4415
1120 7272
7576 274
1652 8338
7698 1963
5433 9773
4757 4069
9644 1916
4998 7630
7868 8022
5053 7932
45 2453
6730 5
1316 1729
8832 4847
4085 6443
4707 5994
6806 7960
496 1432
8750 1941
7767 9438
7461 9306
6422 5268
6374 6292
3254 4731
1095 6564
5150 1270
1012 4721
3769 2016
3464 6002
6215 2462
538 7637
3946 4851
2335 3581
7694 3641
6736 1856
1333 7316
9108 3513
2881 5452
2484 4719
7498 3941
6658 3422
5113 6469
145 6243
9773 1664
7253 5340
2226 7101
1299 7417
7308 5972
1654 4092
9906 8489
6383 8854
830 7855
6393 2865
5381 9989
6300 6862
6831 1155
2563 7654
7274 2425
7375 4093
8713 747
4416 4235
8462 7388
6418 2376
1089 7905
1645 9938
8997 4390
8124 1682
5175 5770
2653 3352
1204 7601
3374 1280
9368 5974
3909 7949
5515 8916
719 7937
7033 8348
5671 9669
4521 3915
8833 7173
5444 6507
580 6785
9509 201
6929 3977
2350 1212
3600 4680
2811 8966
9129 9637
2547 7471
3259 5687
2087 1505
474 6785
6361 9365
5352 1067
533 7357
1634 2163
8387 3468
3821 3192
7206 4301
9743 8931
9280 1903
2292 5799
4402 611
1032 3453
63 8388
1105 9877
8420 1003
8611 7430
1509 3417
3354 8735
8724 2027
8692 6476
1753 1680
6422 8251
4547 9847
1930 6232
1062 83
8958 4887
2306 2584
9379 8895
