67560
969
7053 8687
1806 6071
8234 6040
8397 3150
5166 1711
1775 2891
3277 5968
7291 6501
9907 4521
342 718
3941 5422
2684 525
2331 5524
3038 2442
9639 3179
5098 2696
4401 9834
468 5370
1939 7145
1419 8701
8004 1598
7554 9714
9163 1594
7393 6937
3868 3172
6356 6195
7287 306
8808 9714
9254 1327
3532 5513
3168 3181
2858 3362
1311 5356
4386 7909
2376 7580
461 7744
6590 7278
760 9325
8989 5176
7453 4264
1230 2174
8714 1327
3351 9414
1090 881
6562 2037
2442 6977
1484 8287
8859 827
1746 1110
837 3456
9420 2542
2616 7040
2270 6537
1860 1780
6862 2680
3514 8095
9424 9064
7627 8741
8414 9302
4565 5187
4427 8954
3153 3493
9066 540
7559 1389
6934 4696
7539 9778
5664 6295
9106 8549
7661 1980
2006 6782
9094 8739
4270 5156
436 508
1695 3339
5926 5449
6680 8161
1230 9145
4456 3602
7153 5592
2490 1822
4827 1368
6680 8198
1552 6890
9571 257
6556 5263
1148 7983
2982 2164
4596 1611
7659 4133
2498 2290
6343 6080
2545 1320
2084 2590
4448 8672
9658 5384
3495 9087
9757 8216
4021 4054
6228 3744
9351 1908
7755 8635
9705 3701
3749 2369
7086 3870
5467 1248
6277 9503
3476 3725
5388 8187
2058 8430
2896 4871
6865 4386
8098 4344
4419 9280
9627 8653
9415 1924
8613 5939
2601 4586
9735 5182
9041 397
9607 4514
2645 4088
2139 860
7746 8224
4444 9042
8608 5435
5470 6791
6652 4103
698 7679
1711 3654
3829 2122
4331 2371
1771 9560
5695 6019
7373 2393
8617 6172
7087 476
4375 9854
5570 5728
6499 4288
2476 444
4882 4590
718 7248
4415 8723
4029 7250
308 9078
9439 8128
8646 9930
1126 632
6700 4648
300 4366
1006 8937
2583 1631
3119 8665
3956 8189
4095 4611
5164 2746
4774 3119
8379 4490
8136 3727
7980 3931
9036 6175
9416 3059
8198 7552
6882 2111
3726 2928
2063 8475
3155 3293
1105 1189
4140 6327
3123 9745
1185 968
1802 893
2941 35
9038 6438
9015 5543
5740 8167
6465 1994
8076 990
8066 4458
5266 1490
78 7579
6777 1930
1919 5742
5959 7806
6538 4929
7155 1409
8233 7251
6380 4231
7281 9699
3196 772
467 5248
7596 8758
5027 4080
2953 7918
1123 7302
4518 4472
7932 9272
7767 2865
7661 4011
9813 1502
6762 6446
9960 4225
9936 843
6419 5273
3206 3076
9509 3357
7840 7730
5529 6120
8191 2705
462 508
9396 5709
4663 3514
6037 5469
6813 226
5887 7964
948 6726
3901 6626
5655 1525
3153 7426
7807 3409
7295 1084
3425 4070
6781 3912
2738 8063
2428 742
1684 2048
2907 6201
3420 4622
1170 4855
6746 3191
1538 5320
9998 1604
5741 7154
9888 2891
2144 2813
8523 9062
8029 8614
9846 363
8831 9052
1591 9477
1109 1361
267 8994
5897 5559
1684 5744
5089 1381
1197 8121
6593 3356
7740 2434
3874 9486
5738 5201
5083 8131
7927 9726
7381 6679
9607 9515
997 4779
1352 13
1856 3537
965 1830
903 2459
4665 5327
3386 5874
530 5385
1551 6258
8771 7235
8691 8138
4100 3653
3226 7797
6367 8127
6851 4783
6669 8598
6763 7393
3208 2
648 9979
1642 1712
743 9316
3636 6240
4503 629
7252 166
12 4134
7471 6125
5368 4835
352 5613
6017 1646
7700 9834
4282 9465
9870 5168
897 6370
9164 2553
5711 630
4779 3293
9892 3571
9261 5884
3258 3844
8261 7377
567 40
5363 3956
8510 8078
9535 12
5631 8685
951 7001
1089 7361
2664 1093
4930 5206
4111 1274
3656 5067
6228 4245
6841 8336
6147 790
763 9445
8403 7846
6330 2491
1453 2819
3794 2722
4902 2299
5662 9495
7863 7216
9217 1967
4855 4659
3435 7593
2698 2505
8296 4713
6530 8105
9908 9149
7648 5847
4216 5375
5541 3293
8876 3080
3515 811
4034 400
8306 6255
3841 3666
6334 199
3938 3115
9057 9051
1746 9839
2415 8731
8133 7370
5975 8785
4029 3433
1357 7515
1301 3905
5689 4643
3703 6229
4060 7375
8968 221
6972 9259
8201 6622
3547 3171
6257 7811
4092 4358
2713 5090
1133 5501
4782 8573
8448 2475
3508 2502
9631 3678
9469 3797
172 1994
4795 8136
8503 9859
6001 8442
2345 5677
2649 8161
9880 741
7122 397
2622 1357
4899 9691
7583 8261
136 3748
2331 6703
3471 7343
3795 6049
6286 6328
1017 6584
2980 6487
6392 2747
5630 678
7638 5556
3208 45
491 8647
8567 4434
9649 7429
4055 2375
7535 6703
9380 9589
5323 9441
2500 6583
1788 392
6592 4023
561 4485
6819 6781
3951 9831
9212 1215
8328 6347
8653 6687
4699 1479
489 5638
2396 2583
8073 6780
7788 5252
8322 739
6493 5409
8983 7158
7686 7896
3870 3754
6433 9736
5897 252
9635 9402
1790 8453
9467 1841
1281 2422
7354 3504
3046 1670
9196 447
9783 2709
6612 227
565 3946
6467 2992
4816 8863
3696 7203
9199 2753
5653 6368
2614 4557
9469 6007
5164 5255
7988 9688
8069 2445
4304 4071
8406 709
1428 5426
6342 8879
2531 1121
4824 6062
2883 1460
2785 5682
9203 9229
9553 4077
2705 6272
5928 1809
3891 3238
7975 6387
763 9677
8831 6230
7992 1266
1210 6462
1241 1652
7272 7699
9465 3468
898 9435
6598 317
5035 7127
3475 6482
7161 3853
2375 8382
5754 7288
2379 3737
1084 7566
3443 3257
5571 5143
2665 4812
1961 9667
7333 1536
8424 2406
6009 8262
1639 5322
9634 2422
8597 8664
3527 9375
1778 1650
9418 6136
4629 6519
7874 3257
5150 4616
8704 1137
2457 7694
2495 1295
1914 3680
6908 3627
7460 3602
5125 2410
9941 235
9899 8581
3714 5096
3855 4525
5524 5907
7934 8077
9612 4260
9279 6083
3302 2919
675 4821
3902 9724
2326 1496
6206 3621
7783 5413
2624 9919
1885 2433
9297 9961
5281 5237
9112 8389
4560 1
7447 7481
1927 9126
8872 7401
5945 6008
3778 9070
466 8669
4235 4318
808 4511
7908 5309
1901 685
2666 6140
126 9688
1516 8681
3512 7055
7910 4111
7187 6122
1733 7510
8133 4605
5865 7561
7843 6442
4020 508
5961 2401
5987 9099
558 5397
8908 5138
5559 5402
9310 4422
1859 8860
4856 2539
6210 768
3664 2363
9561 1380
9527 3657
1176 1822
6855 3571
4620 3588
3819 9171
7187 4270
602 8520
6728 4711
8707 4079
4826 9557
9623 5201
5159 1778
9785 5766
9259 9303
4705 2341
9179 3977
649 3490
9514 5355
3828 5135
2621 5427
1045 3677
1187 3142
213 2533
9165 3357
9326 9284
6840 4748
1152 5677
3675 8873
3197 1732
1941 3605
8835 1527
6018 596
4542 8870
5597 1018
5927 4141
4762 2466
8648 381
6598 2286
4765 7479
9774 1134
9241 1477
3666 8908
5785 580
9902 4603
9232 9121
1126 7906
7314 9266
6558 2914
4784 5460
1579 4997
4813 3252
4402 4377
6976 867
3276 6396
3637 1061
3488 7226
5028 3858
7475 4002
9982 8764
6073 7798
3943 2063
1094 4225
6263 3958
6443 6454
9270 2907
4675 8975
9808 728
6587 9253
1587 8044
890 6286
9105 9131
7395 1267
7495 467
1941 4088
6163 776
2701 9003
3764 5978
8080 4259
4544 7634
2180 843
7243 9660
2972 5138
5954 174
903 2355
2064 9120
2297 3674
2279 7594
3553 5460
4527 1239
437 8656
5256 4964
6499 9037
6285 6489
5607 4737
3965 2039
5426 4344
8076 7776
7456 8121
4159 7110
7890 5134
4398 4497
9915 7233
6064 1597
6820 6633
5722 6803
7539 6094
5936 2152
4848 6301
8758 1458
194 6149
3655 310
9723 7775
4501 3928
5196 2438
9214 7805
5547 3455
1793 792
593 860
6133 5141
5717 4543
998 3238
3687 3733
3497 3515
7916 4491
6548 2761
7113 1043
4936 7581
7172 402
9835 6335
8395 7419
3054 7134
779 820
5764 6339
7824 2795
3463 8495
7801 1283
2050 4711
8462 9585
9198 6784
1335 686
4430 4903
7852 6475
185 9533
8449 7212
7004 8515
3680 7052
9947 4610
7605 7504
9089 9680
937 5420
3326 1005
1202 4757
3126 2839
3091 2316
4254 1701
2882 3053
4365 1821
5410 639
1297 7440
2417 272
8432 6681
8022 3652
3911 3044
4675 6465
3893 3493
6890 2695
9569 4302
84 1020
7820 1774
9083 8794
4233 2734
7295 6229
9726 3741
7095 2786
3431 678
360 1238
2586 8729
8225 7253
7086 3066
6628 7948
1528 4405
8006 5432
3052 5065
8284 9691
9209 7919
8452 4935
8465 8735
4810 2890
2144 5942
4318 2868
9504 8762
9863 8040
8238 1742
7118 5754
9874 6569
3860 2084
8595 1848
7922 1166
2085 6603
2846 5382
4253 9715
2266 5673
2605 5508
8791 2899
7891 7793
4263 1498
5696 5270
9636 1544
2311 915
6783 3876
5259 4390
3135 3231
147 1072
2530 7927
4597 379
7010 6358
7773 4595
2052 7195
8369 4815
4993 3172
7117 4024
2473 8378
6236 9364
1189 8677
5217 1192
7278 329
3534 9042
849 3768
6305 3363
2 8466
5206 3817
6394 3093
3930 4938
4002 8480
8484 4895
6437 2236
1528 6263
995 2385
843 6605
8852 7844
4138 2665
6741 8305
2573 1044
3966 8008
3231 5861
1265 6619
3449 2442
5982 9285
694 2077
3942 3284
1030 5484
10 841
3035 9414
7756 6930
4199 6823
8400 860
6060 8032
360 1050
3270 8992
6601 3327
4932 1913
817 1435
5450 9122
2811 1991
9393 5365
490 6989
8040 7982
9606 9493
3939 4810
5257 6796
1854 7684
5479 7685
8079 4406
4251 7099
6547 6372
3687 9780
5246 9242
4327 2987
6970 7221
7747 4734
5269 2105
645 6625
110 5935
5002 2012
4990 5098
9018 9855
659 2793
513 5504
6394 3578
4977 8877
3348 102
9967 8996
7844 6910
5118 9409
6545 8642
6900 4850
9303 7710
8042 8111
2128 6120
8973 3499
2727 8818
9232 7437
1719 3693
2250 9374
1439 3007
1889 4597
3792 3393
8367 81
4034 3199
770 8773
1361 2984
2416 4051
443 1522
4087 1521
3464 2274
4154 1029
9981 8513
2212 6870
3671 1156
9798 6363
7081 5545
2487 7628
7691 9356
1249 9264
3058 4290
4836 4283
3781 3439
4190 1563
2569 7615
8949 623
902 1459
3202 993
5492 5664
3579 9955
1818 2734
2578 8933
616 5656
6664 7056
7636 747
9902 425
1407 7173
9175 1421
9724 4193
8267 474
3372 935
9542 9714
9196 5403
1718 4668
8254 8261
4647 604
3391 1931
4506 5238
1594 9812
9235 383
754 362
1358 3506
1069 584
6539 6771
4504 8275
1031 4570
5729 9827
3420 7756
1230 318
170 1209
8094 8767
2798 9651
48 409
9948 7300
3614 5141
2194 2716
9470 5300
6831 8034
7752 8631
2924 9589
8441 1059
1655 8538
1592 1945
6235 9308
411 345
558 7476
2096 9097
2451 9890
6789 9710
2204 9202
4816 9903
6137 1593
5194 8959
2016 5510
2594 3378
9916 1021
8823 9394
4467 270
3757 6042
4842 2899
4629 2285
4246 721
8592 5041
6761 6958
8234 708
6339 7860
8277 7101
6144 9009
6592 67
8781 3562
6755 9598
9036 1417
5240 1526
2331 9873
1457 1148
3795 4514
4657 194
256 2401
6520 7150
4100 1141
4765 6206
7685 1648
1686 391
7751 2882
2834 3613
1018 6288
1171 708
1610 9356
2600 9371
3926 2053
1978 2412
5343 8359
1588 1919
8678 490
1560 1884
8995 8809
7374 778
3730 3289
2351 8439
5742 6752
1125 4202
2171 2752
90 9918
