2198
320
3199 6893
5694 385
8337 438
2532 5839
7332 9272
9600 4756
9226 3515
8966 1358
3613 6117
725 5697
5974 9581
2368 1869
4105 2313
9658 1789
9873 55
7571 962
8937 7078
8198 7818
2860 9672
6785 856
194 7834
7937 2211
2095 2472
2431 3546
9154 9751
9599 5770
8953 3475
1705 6197
6349 898
1262 1669
8346 2698
9403 9322
8785 2057
3364 3362
9075 7134
6346 3153
561 1978
9578 5590
6690 7863
7340 2172
2190 5028
1654 4236
6844 6632
5043 9079
6364 2482
2424 2487
8616 3027
289 9076
181 2852
9556 6092
9799 8174
6467 4931
7572 122
1415 5457
6917 4303
2212 1827
5102 3618
9017 5666
2672 5196
2242 9304
8827 4361
9132 169
928 4379
4116 4439
2358 8457
8439 6028
7476 9814
1037 9245
3178 3651
4969 7634
728 9749
7156 583
9892 171
417 1889
8851 147
3386 5430
5803 1843
3972 7482
2861 4452
4627 5826
9213 65
5932 2327
8975 8717
9589 5486
4312 639
787 1065
7729 7508
5916 2310
693 5810
1256 5058
4230 2104
4991 6464
4807 9072
2202 8511
6325 9049
2659 6275
8639 3814
4751 5726
3621 3471
9947 6764
7419 184
9466 2271
3396 9527
8964 6858
1572 2666
1725 2135
7074 2334
7295 2442
3897 2424
5502 9703
9470 9369
7199 9750
7827 2426
6999 9356
262 4705
9642 730
4062 4587
9496 9138
2640 3716
5669 8728
2271 2100
6211 2570
4986 593
814 4777
1813 4091
1145 2383
6286 7732
460 1969
2696 3288
6552 7631
9509 2965
887 8518
3787 3790
3240 5347
1108 3776
9111 7589
6763 5976
159 3727
443 9811
1479 8677
7500 4976
6276 4605
551 9304
1273 1561
3918 6515
2820 670
6336 5794
5753 6381
2940 801
9039 49
4951 7156
4774 3676
3024 9106
5934 1757
7850 4019
17 2638
3193 2565
9403 1322
7292 2852
38 1466
467 1903
2056 9237
8467 6013
6033 8358
1655 6817
7964 4115
7042 7541
3252 5451
2420 8598
9038 1377
2650 9329
9647 2319
4075 4253
1232 8268
6438 2056
7206 1934
8390 9005
5426 6436
9567 5786
9400 1474
2870 6113
311 5658
8136 9394
1766 8311
816 8878
846 7931
9704 6839
890 7237
5315 907
1008 5738
9321 4442
5996 9638
2066 9577
6752 3655
5774 3838
2030 1276
1659 8186
6527 1816
4838 143
4994 2751
9104 161
6304 2585
6625 1622
8287 7143
323 9499
3546 75
7114 417
4472 5065
6521 9172
717 7918
3846 3320
7046 7297
6045 76
7573 9378
4429 3655
7381 6220
5131 595
160 9084
9000 5282
4094 691
4316 9660
2961 3805
6951 4854
2908 491
9082 3063
9791 2682
6806 3432
4037 9872
5665 2447
4201 4975
6005 2912
4348 7803
6186 7134
4505 9538
7201 3465
5466 4765
2659 4886
9923 9588
1002 4068
2857 3518
3072 6211
8970 4328
9539 3947
4160 3295
9351 7470
8196 452
9692 1099
2567 6308
9357 5277
3321 5631
1009 2598
5125 2295
1576 1424
212 9061
3413 9659
4833 7715
6681 4096
7618 1272
384 3969
3808 8528
5344 184
4536 5174
8124 3500
3432 1656
9132 756
8969 5002
8205 3975
3693 4135
9736 8970
2294 4811
5694 6921
3023 7047
15 7656
497 4909
9476 9454
5529 8391
2085 7355
5710 6712
4257 5895
9438 1147
4549 1442
2452 3668
4457 8808
4292 769
1530 7616
567 8867
7011 3201
3113 612
149 8263
7825 6133
3740 3514
3463 5594
3189 7756
826 5744
7704 9174
4918 5639
987 4698
6522 687
8414 3070
7161 7619
8349 6791
8376 9427
5399 5000
2428 6311
9903 5487
5483 5757
4525 1236
8099 6277
5392 8074
631 1400
9907 5304
7332 3969
6813 6895
6957 2623
9900 322
5694 3478
8517 4903
261 8185
3294 7092
3360 941
