2923
554
1055 3227
2785 6837
3783 1730
8020 1921
5618 1873
883 9784
2356 9037
6337 7405
4646 5016
7736 7510
6995 9747
3616 6379
508 5759
4380 1076
204 9523
6324 2249
3220 5668
2159 6613
8235 9906
5013 4373
4590 5757
8141 928
4996 1121
5608 4785
8414 7911
8976 2776
3785 1280
9427 1130
28 6108
3319 5373
3376 7316
4589 2570
4552 9673
579 4866
255 8779
2292 7407
965 9033
506 8402
3474 6752
628 9752
1927 3150
1944 8703
1524 693
3129 445
4769 6577
5409 4217
299 3603
682 8418
9839 183
5844 6270
4270 6230
4888 6275
9489 2895
8745 6766
4449 6353
8436 2357
5392 7371
3884 6038
33 5845
4923 6012
6400 2464
7197 4770
5583 2612
3833 8390
9932 7724
5641 6044
2558 7079
4777 8341
3375 4277
3191 3010
6480 87
6186 9551
3262 2989
115 3716
6978 4776
381 9501
7132 1837
2159 831
1893 6117
837 7538
8090 5538
170 8795
3331 9533
9603 2156
7616 5046
6197 4284
6744 5688
5605 8266
9739 1174
1126 2152
4705 664
9015 3862
4749 4060
5984 3828
5304 7048
6618 6328
2195 6186
4747 2613
7955 572
902 1979
3245 6692
7866 4597
3219 2746
1948 9135
7609 9711
9719 6250
8488 551
3431 2703
6171 3691
9329 2421
7639 3911
602 2149
7260 9175
4517 9605
5655 420
6581 918
370 1848
5057 2668
1038 5835
2245 3361
5829 5386
8643 5406
5772 4212
5239 4979
1440 6882
6362 7708
7149 8960
3061 7497
7396 9345
1394 416
5985 7830
3456 8965
5117 2833
4743 792
4691 3234
439 4469
3981 1
861 515
5776 2647
6408 7250
5151 1489
2304 7120
4132 1220
3704 4540
8512 9687
7506 5637
1507 143
630 8330
9111 1890
4853 6371
8683 3677
9542 4916
2440 48
1980 9573
3751 7717
4588 201
9726 1385
4652 119
3760 6888
1270 4541
1913 6955
1221 7158
126 7983
7285 5506
5471 1908
6415 1163
3556 763
3248 3246
9389 8379
5663 6924
9049 1084
6176 8832
7064 4013
9411 4304
7229 2998
6898 7371
3367 1401
5015 3720
7757 8286
1342 7719
5330 3741
3888 8808
4470 5048
3461 8868
6419 4195
6600 5938
7310 3904
4354 7969
151 6350
6496 7799
2459 79
8903 8876
6483 4033
7947 9632
542 3861
1872 898
7245 4282
8670 506
9815 8862
1960 9011
3914 933
1886 6593
9939 8002
4246 4384
5324 3792
6850 1585
7297 1880
9993 4206
662 6041
8672 9528
9347 8408
5632 4567
1691 958
391 6765
3199 6063
9406 4256
9893 6465
8821 8789
3794 1157
2893 5346
9423 8272
8731 6491
6929 9847
5635 9953
7427 4602
558 5536
9385 9494
6888 7648
1031 9890
9218 2479
6197 9462
3786 993
4806 2832
3620 5229
2279 6174
8365 3414
852 5007
5838 3106
6225 4254
8899 3856
649 9220
8138 3592
6347 9083
1890 7207
6959 6015
2445 5331
6975 2265
6558 6869
6427 1525
3728 4852
2315 5100
6623 3646
9886 1241
8234 8329
6310 6013
4625 313
6601 2824
5870 6783
7448 8664
7997 8915
2017 9045
5110 1315
7659 3724
6446 3818
1648 4271
8221 8548
4228 1802
2135 4637
3544 2522
2911 2208
9717 3589
7243 5737
6374 3868
6016 542
6927 5198
5540 5253
3244 4859
5177 552
488 5986
1184 2733
4223 5237
5032 815
1797 1641
9226 3470
7193 4325
2746 6021
4484 314
58 5845
8737 5923
9544 9998
9664 1584
4758 8841
347 279
9400 5741
5060 7533
5076 6296
7926 4757
6930 2887
2996 656
4156 6462
809 1906
1475 3744
4419 6944
53 8399
217 3185
4756 6320
1384 6480
5250 1537
8019 1600
810 3274
2358 9500
9461 7623
2460 3338
2695 2601
5813 489
7817 4792
69 3549
8759 9057
4294 4435
6557 4298
5476 2201
2175 79
4370 4331
2729 2117
4202 5384
82 1975
1872 5047
7571 3973
9521 7072
7565 5625
6520 8232
6821 569
6082 3813
9046 5124
7031 7386
5471 7845
1517 5260
8821 9703
4592 958
4122 6428
7092 2120
6784 1596
1451 4282
9397 7934
9223 7979
7537 7991
5608 6118
9296 5741
4923 3252
4422 9819
8723 9260
3344 7508
3412 1459
9361 379
3908 2286
8299 1206
8284 1661
2448 7456
3977 2564
9850 221
5490 9512
3135 4488
5355 2575
9613 4896
578 4273
6750 9672
7014 4413
8656 6214
2140 3854
2589 6616
6285 2779
7890 4617
8774 2963
9750 266
8156 2196
5771 3304
4505 4740
4702 8838
5501 7958
4349 3412
3821 4499
5976 7049
6814 1094
7025 8233
3011 2743
575 6176
8721 1221
7735 6856
6182 1684
3594 5714
414 4965
7147 6129
9325 1580
2329 6571
7406 6207
4534 2545
2140 4697
8012 4855
7529 9817
765 1557
3733 2882
4707 88
3015 1601
5386 6396
4993 3324
3501 8013
1005 3350
9542 1396
9004 7730
3561 5263
2953 4255
7761 6287
9032 5818
3906 2760
1529 7427
7802 4242
9405 6192
7008 994
4153 5493
9993 5834
9154 9059
8615 3401
9798 1382
9304 8968
9060 885
3943 2329
158 8333
2498 6623
3614 8907
5248 6232
6653 9795
5084 39
3678 9891
793 6442
453 5314
6869 3732
5713 9457
9093 8613
6723 2740
923 2455
6988 8583
6647 2275
883 4815
1065 2869
3782 3629
2329 897
3706 1671
9631 5605
7675 8826
2279 7045
1880 2249
6210 140
5214 6755
3122 3559
3876 5778
737 5834
9736 1017
9483 6196
1968 1221
1341 3420
3974 1156
827 4419
3623 111
869 40
9089 955
5664 8404
598 6335
7265 5009
3936 790
8531 2426
7827 7817
4985 4942
1658 1868
5942 6814
3860 4844
9367 3821
7172 8881
1583 7048
4342 8052
1645 4554
5084 3672
4291 7070
9410 4754
6512 6628
889 9041
4878 1468
1315 9752
7312 4190
1991 8694
7321 9277
2946 7370
9627 8317
6089 8344
6862 9373
4257 433
4196 9042
4784 5135
5873 6188
7151 7492
8121 24
1256 2258
9030 1706
2455 389
8586 4357
5223 8294
4976 6754
4150 3331
7805 7328
5209 7798
6369 6229
4271 2569
1902 2868
4965 8198
8962 9071
2567 9995
5527 6046
5746 1892
703 798
3772 4289
3696 2096
9429 7637
1323 3681
4469 6712
662 2245
8670 7047
3305 8428
9760 9732
7439 1372
8563 5811
8084 9290
6120 1727
3207 2159
3783 7973
3298 8686
3836 4125
7830 3496
3085 9169
5231 9180
8915 6729
2452 8028
5526 242
2327 956
7537 6422
9256 3166
1878 6092
5021 1239
9756 5070
5279 1522
9764 4621
8396 725
6346 99
6805 4640
6522 6235
6454 4121
